81 99	81 128
82 100	82 129
83 101	83 129
84 102	84 130
85 103	85 131
87 105	87 132
88 106	88 133
89 107	89 134
90 108	90 134
91 110	91 136
92 111	92 137
93 112	93 137
94 113	94 138
95 114	95 139
96 116	96 140
97 117	97 141
98 118	98 142
99 119	99 142
100 120	100 143
101 122	101 144
102 123	102 145
103 124	103 146
104 125	104 147
105 127	105 148
106 128	106 149
107 129	107 149
108 130	108 150
109 131	109 151
110 133	110 152
111 134	111 153
112 135	112 154
113 136	113 154
114 138	114 156
115 139	115 157
116 140	116 157
117 141	117 158
118 142	118 159
119 144	119 160
120 145	120 161
121 146	121 162
122 147	122 162
123 148	123 163
124 150	124 164
125 151	125 165
126 152	126 166
127 153	127 167
128 155	128 168
130 156	130 169
131 157	131 169
132 158	132 170
133 159	133 171
134 161	134 172
135 162	135 173
136 163	136 174
137 164	137 174
138 166	138 176
139 167	139 177
140 168	140 177
141 169	141 178
142 170	142 179
143 172	143 180
144 173	144 181
145 174	145 182
146 175	146 182
147 176	147 183
148 178	148 185
149 179	149 185
150 180	150 186
151 181	151 187
152 183	152 188
153 184	153 189
154 185	154 190
155 186	155 190
156 187	156 191
157 189	157 192
158 190	158 193
159 191	159 194
160 192	160 195
161 194	161 196
162 195	162 197
163 196	163 198
164 197	164 198
165 198	165 199
166 200	166 200
167 201	167 201
168 202	168 202
169 203	169 203
170 204	170 203
171 206	171 205
173 207	173 205
174 208	174 206
175 209	175 207
176 211	176 208
177 212	177 209
178 213	178 210
179 214	179 211
180 215	180 211
181 217	181 213
182 218	182 213
183 219	183 214
184 220	184 215
185 222	185 216
186 223	186 217
187 224	187 218
188 225	188 219
189 226	189 219
190 228	190 221
191 229	191 221
192 230	192 222
193 231	193 223
194 232	194 224
195 234	195 225
196 235	196 226
197 236	197 227
198 237	198 227
199 239	199 229
200 240	200 229
201 241	201 230
202 242	202 231
203 243	203 232
204 245	204 233
205 246	205 234
206 247	206 235
207 248	207 235
208 250	208 237
209 251	209 237
210 252	210 238
211 253	211 239
212 254	212 240
213 256	213 241
214 257	214 242
216 258	216 243
217 259	217 243
218 260	218 244
219 262	219 246
220 263	220 246
221 264	221 247
222 265	222 248
223 267	223 249
224 268	224 250
225 269	225 251
226 270	226 251
227 271	227 252
228 273	228 254
229 274	229 254
230 275	230 255
231 276	231 256
232 277	232 257
233 279	233 258
234 280	234 259
235 281	235 259
236 282	236 260
237 284	237 262
238 285	238 262
239 286	239 263
240 287	240 264
241 288	241 265
242 290	242 266
243 291	243 267
244 292	244 268
245 293	245 268
246 295	246 270
247 296	247 271
248 297	248 271
249 298	249 272
250 299	250 273
251 301	251 274
252 302	252 275
253 303	253 276
254 304	254 276
255 305	255 277
256 307	256 279
257 308	257 279
259 309	259 280
260 310	260 281
261 312	261 282
262 313	262 283
263 314	263 284
264 315	264 285
265 316	265 285
266 318	266 287
267 319	267 288
268 320	268 288
269 321	269 289
270 323	270 290
271 324	271 291
272 325	272 292
273 326	273 293
274 327	274 293
275 329	275 295
276 330	276 296
277 331	277 296
278 332	278 297
279 333	279 298
280 335	280 299
281 336	281 300
282 337	282 301
283 338	283 302
284 340	284 303
285 341	285 304
286 342	286 305
287 343	287 305
288 344	288 306
289 346	289 308
290 347	290 308
291 348	291 309
292 349	292 310
293 350	293 311
294 352	294 312
295 353	295 313
296 354	296 314
297 355	297 314
298 357	298 316
299 358	299 317
300 359	300 317
302 360	302 318
303 361	303 319
304 363	304 320
305 364	305 321
306 365	306 322
307 366	307 322
308 368	308 324
309 369	309 325
310 370	310 325
311 371	311 326
312 372	312 327
313 374	313 328
314 375	314 329
315 376	315 330
316 377	316 331
317 378	317 331
318 380	318 333
319 381	319 334
320 382	320 334
321 383	321 335
322 385	322 337
323 386	323 337
324 387	324 338
325 388	325 339
326 389	326 340
327 391	327 341
328 392	328 342
329 393	329 343
330 394	330 344
331 395	331 344
332 397	332 346
333 398	333 347
334 399	334 347
335 400	335 348
336 402	336 350
337 403	337 350
338 404	338 351
339 405	339 352
340 406	340 353
341 408	341 354
342 409	342 355
343 410	343 356
345 411	345 356
346 412	346 357
347 414	347 359
348 415	348 359
349 416	349 360
350 417	350 361
351 419	351 362
352 420	352 363
353 421	353 364
354 422	354 365
355 423	355 365
356 425	356 367
357 426	357 368
358 427	358 368
359 428	359 369
360 430	360 371
361 431	361 371
362 432	362 372
363 433	363 373
364 434	364 374
365 436	365 375
366 437	366 376
367 438	367 377
368 439	368 378
369 440	369 378
370 442	370 380
371 443	371 381
372 444	372 381
373 445	373 382
374 447	374 384
375 448	375 384
376 449	376 385
377 450	377 386
378 451	378 387
379 453	379 388
380 454	380 389
381 455	381 390
382 456	382 390
383 457	383 391
384 459	384 393
385 460	385 394
386 461	386 394
388 462	388 395
389 464	389 397
390 465	390 397
391 466	391 398
392 467	392 399
393 468	393 400
394 470	394 401
395 471	395 402
396 472	396 403
397 473	397 403
398 474	398 404
399 476	399 406
400 477	400 407
401 478	401 407
402 479	402 408
403 481	403 410
404 482	404 410
405 483	405 411
406 484	406 412
407 485	407 413
408 487	408 414
409 488	409 415
410 489	410 416
411 490	411 417
412 491	412 417
413 493	413 419
414 494	414 420
415 495	415 420
416 496	416 421
417 498	417 423
418 499	418 423
419 500	419 424
420 501	420 425
421 502	421 426
422 504	422 427
423 505	423 428
424 506	424 429
425 507	425 430
426 508	426 430
427 510	427 432
428 511	428 433
429 512	429 433
430 513	430 434
432 515	432 436
433 516	433 437
434 517	434 437
435 518	435 438
436 519	436 439
437 521	437 440
438 522	438 441
439 523	439 442
440 524	440 443
441 525	441 444
442 527	442 445
443 528	443 446
444 529	444 447
445 530	445 447
446 532	446 449
447 533	447 450
448 534	448 451
449 535	449 451
450 536	450 452
451 538	451 454
452 539	452 454
453 540	453 455
454 541	454 456
455 542	455 457
456 544	456 458
457 545	457 459
458 546	458 460
459 547	459 461
460 549	460 462
461 550	461 463
462 551	462 464
463 552	463 465
464 553	464 465
465 555	465 467
466 556	466 468
467 557	467 468
468 558	468 469
469 559	469 470
470 561	470 472
471 562	471 472
472 563	472 473
473 564	473 474
475 566	475 475
476 567	476 476
477 568	477 477
478 569	478 478
479 570	479 479
480 572	480 480
481 573	481 481
482 574	482 482
483 575	483 482
484 576	484 483
485 578	485 485
486 579	486 486
487 580	487 486
488 581	488 487
489 582	489 488
490 584	490 490
491 585	491 490
492 586	492 491
493 587	493 492
494 589	494 493
495 590	495 494
496 591	496 495
497 592	497 496
498 593	498 497
499 595	499 498
500 596	500 499
501 597	501 500
502 598	502 501
503 599	503 501
504 601	504 503
505 602	505 504
506 603	506 504
507 604	507 505
508 606	508 507
509 607	509 508
510 608	510 508
511 609	511 509
512 610	512 510
513 612	513 512
514 613	514 512
515 614	515 513
516 615	516 514
518 616	518 515
519 618	519 516
520 619	520 517
521 620	521 518
522 621	522 519
523 623	523 520
524 624	524 521
525 625	525 522
526 626	526 523
527 627	527 523
528 629	528 525
529 630	529 526
530 631	530 527
531 632	531 527
532 633	532 528
533 635	533 530
534 636	534 531
535 637	535 531
536 638	536 532
537 639	537 533
538 641	538 535
539 642	539 535
540 643	540 536
541 644	541 537
542 646	542 538
543 647	543 539
544 648	544 540
545 649	545 541
546 650	546 542
547 652	547 543
548 653	548 544
549 654	549 545
550 655	550 546
551 656	551 546
552 658	552 548
553 659	553 549
554 660	554 550
555 661	555 550
556 663	556 552
557 664	557 553
558 665	558 554
559 666	559 554
561 667	561 555
562 669	562 557
563 670	563 558
564 671	564 558
565 672	565 559
566 673	566 560
567 675	567 562
568 676	568 562
569 677	569 563
570 678	570 564
571 679	571 565
572 681	572 566
573 682	573 567
574 683	574 568
575 684	575 569
576 686	576 570
577 687	577 571
578 688	578 572
579 689	579 573
580 690	580 574
581 692	581 575
582 693	582 576
583 694	583 577
584 695	584 578
585 696	585 578
586 698	586 580
587 699	587 581
588 700	588 582
589 701	589 582
590 702	590 583
591 704	591 585
592 705	592 586
593 706	593 586
594 707	594 587
595 709	595 589
596 710	596 590
597 711	597 590
598 712	598 591
599 713	599 592
600 715	600 594
601 716	601 595
602 717	602 595
604 718	604 596
605 719	605 597
606 721	606 599
607 722	607 599
608 723	608 600
609 724	609 601
610 725	610 602
611 727	611 603
612 728	612 604
613 729	613 605
614 730	614 606
615 732	615 607
616 733	616 608
617 734	617 609
618 735	618 610
619 736	619 611
620 738	620 612
621 739	621 613
622 740	622 614
623 741	623 615
624 742	624 616
625 744	625 617
626 745	626 618
627 746	627 619
628 747	628 620
629 748	629 620
630 750	630 622
631 751	631 623
632 752	632 624
633 753	633 624
634 755	634 626
635 756	635 627
636 757	636 628
637 758	637 629
638 759	638 629
639 761	639 631
640 762	640 632
641 763	641 633
642 764	642 633
643 765	643 634
644 767	644 636
645 768	645 637
647 769	647 637
648 770	648 638
649 771	649 639
650 773	650 641
651 774	651 642
652 775	652 642
653 776	653 643
654 777	654 644
655 779	655 646
656 780	656 646
657 781	657 647
658 782	658 648
659 784	659 650
660 785	660 651
661 786	661 651
662 787	662 652
663 788	663 653
664 790	664 655
665 791	665 655
666 792	666 656
667 793	667 657
668 794	668 658
669 796	669 660
670 797	670 660
671 798	671 661
672 799	672 662
673 800	673 663
674 802	674 664
675 803	675 665
676 804	676 666
677 805	677 667
678 807	678 669
679 808	679 669
680 809	680 670
681 810	681 671
682 811	682 672
683 813	683 673
684 814	684 674
685 815	685 675
686 816	686 676
687 817	687 677
688 819	688 678
690 820	690 679
691 821	691 680
692 822	692 681
693 823	693 682
694 825	694 683
695 826	695 684
696 827	696 685
697 828	697 686
698 829	698 687
699 831	699 688
700 832	700 689
701 833	701 690
702 834	702 691
703 836	703 692
704 837	704 693
705 838	705 694
706 839	706 695
707 840	707 696
708 842	708 697
709 843	709 698
710 844	710 699
711 845	711 700
712 846	712 701
713 848	713 702
714 849	714 703
715 850	715 704
716 851	716 705
717 852	717 706
718 854	718 707
719 855	719 708
720 856	720 709
721 857	721 710
722 858	722 711
723 860	723 712
724 861	724 713
725 862	725 714
726 863	726 715
727 864	727 716
728 866	728 717
729 867	729 718
730 868	730 719
731 869	731 720
733 871	733 721
734 872	734 722
735 873	735 723
736 874	736 724
737 875	737 725
738 877	738 726
739 878	739 727
740 879	740 728
741 880	741 729
742 881	742 730
743 883	743 731
744 884	744 732
745 885	745 733
746 886	746 734
747 887	747 735
748 889	748 736
749 890	749 737
750 891	750 738
751 892	751 739
752 893	752 740
753 895	753 741
754 896	754 742
755 897	755 743
756 898	756 744
757 899	757 745
758 901	758 746
759 902	759 747
760 903	760 748
761 904	761 749
762 906	762 751
763 907	763 751
764 908	764 752
765 909	765 753
766 910	766 754
767 912	767 756
768 913	768 756
769 914	769 757
770 915	770 758
771 916	771 759
772 918	772 761
773 919	773 761
774 920	774 762
776 921	776 763
777 922	777 764
778 924	778 766
779 925	779 766
780 926	780 767
781 927	781 768
782 928	782 769
783 930	783 771
784 931	784 772
785 932	785 772
786 933	786 773
787 934	787 774
788 936	788 776
789 937	789 777
790 938	790 777
791 939	791 778
792 940	792 779
793 942	793 781
794 943	794 782
795 944	795 782
796 945	796 783
797 946	797 784
798 948	798 786
799 949	799 787
800 950	800 787
801 951	801 788
802 953	802 790
803 954	803 791
804 955	804 792
805 956	805 793
806 957	806 793
807 959	807 795
808 960	808 796
809 961	809 797
810 962	810 798
811 963	811 798
812 965	812 800
813 966	813 801
814 967	814 802
815 968	815 803
816 969	816 803
817 971	817 805
818 972	818 806
820 973	820 807
821 974	821 808
822 975	822 809
823 977	823 810
824 978	824 811
825 979	825 812
826 980	826 813
827 981	827 814
828 983	828 815
829 984	829 816
830 985	830 817
831 986	831 818
832 987	832 819
833 989	833 820
834 990	834 821
835 991	835 822
836 992	836 823
837 993	837 824
838 995	838 826
839 996	839 826
840 997	840 827
841 998	841 828
842 999	842 829
843 1001	843 831
844 1002	844 831
845 1003	845 832
846 1004	846 833
847 1006	847 835
848 1007	848 836
849 1008	849 837
850 1009	850 837
851 1010	851 838
852 1012	852 840
853 1013	853 841
854 1014	854 842
855 1015	855 842
856 1016	856 843
857 1018	857 845
858 1019	858 846
859 1020	859 847
860 1021	860 848
861 1022	861 848
863 1024	863 850
864 1025	864 851
865 1026	865 852
866 1027	866 853
867 1028	867 854
868 1030	868 855
869 1031	869 856
870 1032	870 857
871 1033	871 858
872 1034	872 859
873 1036	873 860
874 1037	874 861
875 1038	875 862
876 1039	876 863
877 1040	877 864
878 1042	878 866
879 1043	879 866
880 1044	880 867
881 1045	881 868
882 1046	882 869
883 1048	883 871
884 1049	884 871
885 1050	885 872
886 1051	886 873
887 1052	887 874
888 1054	888 876
889 1055	889 877
890 1056	890 877
891 1057	891 878
892 1058	892 879
893 1060	893 881
894 1061	894 882
895 1062	895 883
896 1063	896 883
897 1064	897 884
898 1066	898 886
899 1067	899 887
900 1068	900 888
901 1069	901 889
902 1070	902 889
903 1072	903 891
904 1073	904 892
906 1074	906 893
907 1075	907 894
908 1076	908 895
909 1078	909 896
910 1079	910 897
911 1080	911 898
912 1081	912 899
913 1082	913 900
914 1084	914 901
915 1085	915 902
916 1086	916 903
917 1087	917 904
918 1088	918 905
919 1090	919 907
920 1091	920 908
921 1092	921 908
922 1093	922 909
923 1094	923 910
924 1096	924 912
925 1097	925 913
926 1098	926 914
927 1099	927 914
928 1100	928 915
929 1102	929 917
930 1103	930 918
931 1104	931 919
932 1105	932 920
933 1106	933 920
934 1108	934 922
935 1109	935 923
936 1110	936 924
937 1111	937 925
938 1112	938 926
939 1114	939 927
940 1115	940 928
941 1116	941 929
942 1117	942 930
943 1118	943 931
944 1120	944 933
945 1121	945 933
946 1122	946 934
947 1123	947 935
949 1124	949 936
950 1126	950 938
951 1127	951 939
952 1128	952 939
953 1129	953 940
954 1130	954 941
955 1132	955 943
956 1133	956 944
957 1134	957 945
958 1135	958 945
959 1136	959 946
960 1138	960 948
961 1139	961 949
962 1140	962 950
963 1141	963 951
964 1142	964 952
965 1144	965 953
966 1145	966 954
967 1146	967 955
968 1147	968 956
969 1148	969 957
970 1150	970 958
971 1151	971 959
972 1152	972 960
973 1153	973 961
974 1154	974 962
975 1156	975 964
976 1157	976 965
977 1158	977 965
978 1159	978 966
979 1160	979 967
980 1162	980 969
981 1163	981 970
982 1164	982 971
983 1165	983 971
984 1166	984 972
985 1168	985 974
986 1169	986 975
987 1170	987 976
988 1171	988 977
989 1172	989 978
990 1174	990 979
992 1175	992 980
993 1176	993 981
994 1177	994 982
995 1178	995 983
996 1180	996 985
997 1181	997 985
998 1182	998 986
999 1183	999 987
1000 1184	1000 988
1001 1186	1001 990
1002 1187	1002 991
1003 1188	1003 991
1004 1189	1004 992
1005 1190	1005 993
1006 1192	1006 995
1007 1193	1007 996
1008 1194	1008 997
1009 1195	1009 998
1010 1196	1010 998
1011 1198	1011 1000
1012 1199	1012 1001
1013 1200	1013 1002
1014 1201	1014 1003
1015 1202	1015 1004
1016 1204	1016 1005
1017 1205	1017 1006
1018 1206	1018 1007
1019 1207	1019 1008
1020 1208	1020 1009
1021 1210	1021 1011
1022 1211	1022 1012
1023 1212	1023 1012
1024 1213	1024 1013
1025 1214	1025 1014
1026 1216	1026 1016
1027 1217	1027 1017
1028 1218	1028 1018
1029 1219	1029 1019
1030 1220	1030 1019
1031 1222	1031 1021
1032 1223	1032 1022
1033 1224	1033 1023
1035 1225	1035 1024
1036 1226	1036 1025
1037 1227	1037 1026
1038 1229	1038 1027
1039 1230	1039 1028
1040 1231	1040 1029
1041 1232	1041 1030
1042 1233	1042 1031
1043 1235	1043 1033
1044 1236	1044 1033
1045 1237	1045 1034
1046 1238	1046 1035
1047 1239	1047 1036
1048 1241	1048 1038
1049 1242	1049 1039
1050 1243	1050 1040
1051 1244	1051 1040
1052 1245	1052 1041
1053 1247	1053 1043
1054 1248	1054 1044
1055 1249	1055 1045
1056 1250	1056 1046
1057 1251	1057 1047
1058 1253	1058 1048
1059 1254	1059 1049
1060 1255	1060 1050
1061 1256	1061 1051
1062 1257	1062 1052
1063 1259	1063 1054
1064 1260	1064 1054
1065 1261	1065 1055
1066 1262	1066 1056
1067 1263	1067 1057
1068 1265	1068 1059
1069 1266	1069 1060
1070 1267	1070 1061
1071 1268	1071 1061
1072 1269	1072 1062
1073 1271	1073 1064
1074 1272	1074 1065
1075 1273	1075 1066
1076 1274	1076 1067
1078 1275	1078 1068
1079 1277	1079 1069
1080 1278	1080 1070
1081 1279	1081 1071
1082 1280	1082 1072
1083 1281	1083 1073
1084 1282	1084 1074
1085 1284	1085 1076
1086 1285	1086 1076
1087 1286	1087 1077
1088 1287	1088 1078
1089 1288	1089 1079
1090 1290	1090 1081
1091 1291	1091 1082
1092 1292	1092 1083
1093 1293	1093 1083
1094 1294	1094 1084
1095 1296	1095 1086
1096 1297	1096 1087
1097 1298	1097 1088
1098 1299	1098 1089
1099 1300	1099 1090
1100 1302	1100 1091
1101 1303	1101 1092
1102 1304	1102 1093
1103 1305	1103 1094
1104 1306	1104 1095
1105 1308	1105 1097
1106 1309	1106 1098
1107 1310	1107 1098
1108 1311	1108 1099
1109 1312	1109 1100
1110 1314	1110 1102
1111 1315	1111 1103
1112 1316	1112 1104
1113 1317	1113 1105
1114 1318	1114 1106
1115 1319	1115 1106
1116 1321	1116 1108
1117 1322	1117 1109
1118 1323	1118 1110
1119 1324	1119 1111
1121 1325	1121 1112
1122 1327	1122 1113
1123 1328	1123 1114
1124 1329	1124 1115
1125 1330	1125 1116
1126 1331	1126 1117
1127 1333	1127 1119
1128 1334	1128 1120
1129 1335	1129 1121
1130 1336	1130 1121
1131 1337	1131 1122
1132 1339	1132 1124
1133 1340	1133 1125
1134 1341	1134 1126
1135 1342	1135 1127
1136 1343	1136 1128
1137 1345	1137 1129
1138 1346	1138 1130
1139 1347	1139 1131
1140 1348	1140 1132
1141 1349	1141 1133
1142 1350	1142 1134
1143 1352	1143 1136
1144 1353	1144 1136
1145 1354	1145 1137
1146 1355	1146 1138
1147 1356	1147 1139
1148 1358	1148 1141
1149 1359	1149 1142
1150 1360	1150 1143
1151 1361	1151 1144
1152 1362	1152 1144
1153 1364	1153 1146
1154 1365	1154 1147
1155 1366	1155 1148
1156 1367	1156 1149
1157 1368	1157 1150
1158 1370	1158 1152
1159 1371	1159 1152
1160 1372	1160 1153
1161 1373	1161 1154
1162 1374	1162 1155
1164 1376	1164 1157
1165 1377	1165 1158
1166 1378	1166 1159
1167 1379	1167 1160
1168 1380	1168 1160
1169 1381	1169 1161
1170 1383	1170 1163
1171 1384	1171 1164
1172 1385	1172 1165
1173 1386	1173 1166
1174 1387	1174 1167
1175 1389	1175 1168
1176 1390	1176 1169
1177 1391	1177 1170
1178 1392	1178 1171
1179 1393	1179 1172
1180 1395	1180 1174
1181 1396	1181 1175
1182 1397	1182 1176
1183 1398	1183 1176
1184 1399	1184 1177
1185 1400	1185 1178
1186 1402	1186 1180
1187 1403	1187 1181
1188 1404	1188 1182
1189 1405	1189 1183
1190 1406	1190 1184
1191 1408	1191 1185
1192 1409	1192 1186
1193 1410	1193 1187
1194 1411	1194 1188
1195 1412	1195 1189
1196 1414	1196 1191
1197 1415	1197 1192
1198 1416	1198 1192
1199 1417	1199 1193
1200 1418	1200 1194
1201 1420	1201 1196
1202 1421	1202 1197
1203 1422	1203 1198
1204 1423	1204 1199
1205 1424	1205 1200
1207 1425	1207 1200
1208 1427	1208 1202
1209 1428	1209 1203
1210 1429	1210 1204
1211 1430	1211 1205
1212 1431	1212 1206
1213 1433	1213 1208
1214 1434	1214 1208
1215 1435	1215 1209
1216 1436	1216 1210
1217 1437	1217 1211
1218 1439	1218 1213
1219 1440	1219 1214
1220 1441	1220 1215
1221 1442	1221 1216
1222 1443	1222 1216
1223 1444	1223 1217
1224 1446	1224 1219
1225 1447	1225 1220
1226 1448	1226 1221
1227 1449	1227 1222
1228 1450	1228 1223
1229 1452	1229 1225
1230 1453	1230 1225
1231 1454	1231 1226
1232 1455	1232 1227
1233 1456	1233 1228
1234 1458	1234 1230
1235 1459	1235 1231
1236 1460	1236 1232
1237 1461	1237 1233
1238 1462	1238 1233
1239 1463	1239 1234
1240 1465	1240 1236
1241 1466	1241 1237
1242 1467	1242 1238
1243 1468	1243 1239
1244 1469	1244 1240
1245 1471	1245 1241
1246 1472	1246 1242
1247 1473	1247 1243
1248 1474	1248 1244
1249 1475	1249 1245
1251 1477	1251 1247
1252 1478	1252 1248
1253 1479	1253 1249
1254 1480	1254 1250
1255 1481	1255 1250
1256 1482	1256 1251
1257 1484	1257 1253
1258 1485	1258 1254
1259 1486	1259 1255
1260 1487	1260 1256
1261 1488	1261 1257
1262 1490	1262 1258
1263 1491	1263 1259
1264 1492	1264 1260
1265 1493	1265 1261
1266 1494	1266 1262
1267 1496	1267 1264
1268 1497	1268 1265
1269 1498	1269 1266
1270 1499	1270 1266
1271 1500	1271 1267
1272 1501	1272 1268
1273 1503	1273 1270
1274 1504	1274 1271
1275 1505	1275 1272
1276 1506	1276 1273
1277 1507	1277 1274
1278 1509	1278 1275
1279 1510	1279 1276
1280 1511	1280 1277
1281 1512	1281 1278
1282 1513	1282 1279
1283 1515	1283 1281
1284 1516	1284 1282
1285 1517	1285 1283
1286 1518	1286 1283
1287 1519	1287 1284
1288 1520	1288 1285
1289 1522	1289 1287
1290 1523	1290 1288
1291 1524	1291 1289
1292 1525	1292 1290
1294 1526	1294 1291
1295 1528	1295 1292
1296 1529	1296 1293
1297 1530	1297 1294
1298 1531	1298 1295
1299 1532	1299 1296
1300 1533	1300 1297
1301 1535	1301 1299
1302 1536	1302 1300
1303 1537	1303 1301
1304 1538	1304 1301
1305 1539	1305 1302
1306 1541	1306 1304
1307 1542	1307 1305
1308 1543	1308 1306
1309 1544	1309 1307
1310 1545	1310 1308
1311 1546	1311 1309
1312 1548	1312 1310
1313 1549	1313 1311
1314 1550	1314 1312
1315 1551	1315 1313
1316 1552	1316 1314
1317 1554	1317 1316
1318 1555	1318 1317
1319 1556	1319 1318
1320 1557	1320 1318
1321 1558	1321 1319
1322 1559	1322 1320
1323 1561	1323 1322
1324 1562	1324 1323
1325 1563	1325 1324
1326 1564	1326 1325
1327 1565	1327 1326
1328 1567	1328 1327
1329 1568	1329 1328
1330 1569	1330 1329
1331 1570	1331 1330
1332 1571	1332 1331
1333 1573	1333 1333
1334 1574	1334 1334
1335 1575	1335 1335
1337 1576	1337 1335
1338 1577	1338 1336
1339 1578	1339 1337
1340 1580	1340 1339
1341 1581	1341 1340
1342 1582	1342 1341
1343 1583	1343 1342
1344 1584	1344 1343
1345 1586	1345 1344
1346 1587	1346 1345
1347 1588	1347 1346
1348 1589	1348 1347
1349 1590	1349 1348
1350 1591	1350 1349
1351 1593	1351 1351
1352 1594	1352 1352
1353 1595	1353 1353
1354 1596	1354 1353
1355 1597	1355 1354
1356 1599	1356 1356
1357 1600	1357 1357
1358 1601	1358 1358
1359 1602	1359 1359
1360 1603	1360 1360
1361 1604	1361 1361
1362 1606	1362 1362
1363 1607	1363 1363
1364 1608	1364 1364
1365 1609	1365 1365
1366 1610	1366 1366
1367 1612	1367 1368
1368 1613	1368 1369
1369 1614	1369 1370
1370 1615	1370 1371
1371 1616	1371 1371
1372 1617	1372 1372
1373 1619	1373 1374
1374 1620	1374 1375
1375 1621	1375 1376
1376 1622	1376 1377
1377 1623	1377 1378
1378 1624	1378 1379
1380 1626	1380 1380
1381 1627	1381 1381
1382 1628	1382 1382
1383 1629	1383 1383
1384 1630	1384 1384
1385 1632	1385 1386
1386 1633	1386 1387
1387 1634	1387 1388
1388 1635	1388 1389
1389 1636	1389 1389
1390 1637	1390 1390
1391 1639	1391 1392
1392 1640	1392 1393
1393 1641	1393 1394
1394 1642	1394 1395
1395 1643	1395 1396
1396 1645	1396 1398
1397 1646	1397 1398
1398 1647	1398 1399
1399 1648	1399 1400
1400 1649	1400 1401
1401 1650	1401 1402
1402 1652	1402 1404
1403 1653	1403 1405
1404 1654	1404 1406
1405 1655	1405 1406
1406 1656	1406 1407
1407 1658	1407 1409
1408 1659	1408 1410
1409 1660	1409 1411
1410 1661	1410 1412
1411 1662	1411 1413
1412 1663	1412 1414
1413 1665	1413 1415
1414 1666	1414 1416
1415 1667	1415 1417
1416 1668	1416 1418
1417 1669	1417 1419
1418 1670	1418 1420
1419 1672	1419 1422
1420 1673	1420 1423
1421 1674	1421 1424
1423 1675	1423 1424
1424 1676	1424 1425
1425 1678	1425 1427
1426 1679	1426 1428
1427 1680	1427 1429
1428 1681	1428 1430
1429 1682	1429 1431
1430 1683	1430 1432
1431 1685	1431 1433
1432 1686	1432 1434
1433 1687	1433 1435
1434 1688	1434 1436
1435 1689	1435 1437
1436 1691	1436 1439
1437 1692	1437 1440
1438 1693	1438 1441
1439 1694	1439 1442
1440 1695	1440 1443
1441 1696	1441 1443
1442 1698	1442 1445
1443 1699	1443 1446
1444 1700	1444 1447
1445 1701	1445 1448
1446 1702	1446 1449
1447 1703	1447 1450
1448 1705	1448 1452
1449 1706	1449 1452
1450 1707	1450 1453
1451 1708	1451 1454
1452 1709	1452 1455
1453 1711	1453 1457
1454 1712	1454 1458
1455 1713	1455 1459
1456 1714	1456 1460
1457 1715	1457 1461
1458 1716	1458 1461
1459 1718	1459 1463
1460 1719	1460 1464
1461 1720	1461 1465
1462 1721	1462 1466
1463 1722	1463 1467
1464 1723	1464 1468
1466 1725	1466 1470
1467 1726	1467 1470
1468 1727	1468 1471
1469 1728	1469 1472
1470 1729	1470 1473
1471 1730	1471 1474
1472 1732	1472 1476
1473 1733	1473 1477
1474 1734	1474 1478
1475 1735	1475 1479
1476 1736	1476 1479
1477 1738	1477 1481
1478 1739	1478 1482
1479 1740	1479 1483
1480 1741	1480 1484
1481 1742	1481 1485
1482 1743	1482 1486
1483 1745	1483 1488
1484 1746	1484 1488
1485 1747	1485 1489
1486 1748	1486 1490
1487 1749	1487 1491
1488 1750	1488 1492
1489 1752	1489 1494
1490 1753	1490 1495
1491 1754	1491 1496
1492 1755	1492 1497
1493 1756	1493 1497
1494 1758	1494 1499
1495 1759	1495 1500
1496 1760	1496 1501
1497 1761	1497 1502
1498 1762	1498 1503
1499 1763	1499 1504
1500 1765	1500 1506
1501 1766	1501 1506
1502 1767	1502 1507
1503 1768	1503 1508
1504 1769	1504 1509
1505 1770	1505 1510
1506 1772	1506 1512
1507 1773	1507 1513
1509 1774	1509 1514
1510 1775	1510 1515
1511 1776	1511 1515
1512 1777	1512 1516
1513 1779	1513 1518
1514 1780	1514 1519
1515 1781	1515 1520
1516 1782	1516 1521
1517 1783	1517 1522
1518 1785	1518 1524
1519 1786	1519 1524
1520 1787	1520 1525
1521 1788	1521 1526
1522 1789	1522 1527
1523 1790	1523 1528
1524 1792	1524 1530
1525 1793	1525 1531
1526 1794	1526 1532
1527 1795	1527 1533
1528 1796	1528 1533
1529 1797	1529 1534
1530 1799	1530 1536
1531 1800	1531 1537
1532 1801	1532 1538
1533 1802	1533 1539
1534 1803	1534 1540
1535 1804	1535 1541
1536 1806	1536 1542
1537 1807	1537 1543
1538 1808	1538 1544
1539 1809	1539 1545
1540 1810	1540 1546
1541 1811	1541 1547
1542 1813	1542 1549
1543 1814	1543 1550
1544 1815	1544 1551
1545 1816	1545 1552
1546 1817	1546 1552
1547 1818	1547 1553
1548 1820	1548 1555
1549 1821	1549 1556
1550 1822	1550 1557
1552 1823	1552 1558
1553 1824	1553 1559
1554 1826	1554 1561
1555 1827	1555 1561
1556 1828	1556 1562
1557 1829	1557 1563
1558 1830	1558 1564
1559 1831	1559 1565
1560 1833	1560 1567
1561 1834	1561 1568
1562 1835	1562 1569
1563 1836	1563 1570
1564 1837	1564 1570
1565 1838	1565 1571
1566 1840	1566 1573
1567 1841	1567 1574
1568 1842	1568 1575
1569 1843	1569 1576
1570 1844	1570 1577
1571 1845	1571 1578
1572 1847	1572 1579
1573 1848	1573 1580
1574 1849	1574 1581
1575 1850	1575 1582
1576 1851	1576 1583
1577 1852	1577 1584
1578 1854	1578 1586
1579 1855	1579 1587
1580 1856	1580 1588
1581 1857	1581 1588
1582 1858	1582 1589
1583 1859	1583 1590
1584 1861	1584 1592
1585 1862	1585 1593
1586 1863	1586 1594
1587 1864	1587 1595
1588 1865	1588 1596
1589 1866	1589 1597
1590 1868	1590 1598
1591 1869	1591 1599
1592 1870	1592 1600
1593 1871	1593 1601
1595 1872	1595 1602
1596 1873	1596 1603
1597 1875	1597 1605
1598 1876	1598 1606
1599 1877	1599 1606
1600 1878	1600 1607
1601 1879	1601 1608
1602 1880	1602 1609
1603 1882	1603 1611
1604 1883	1604 1612
1605 1884	1605 1613
1606 1885	1606 1614
1607 1886	1607 1615
1608 1887	1608 1615
1609 1889	1609 1617
1610 1890	1610 1618
1611 1891	1611 1619
1612 1892	1612 1620
1613 1893	1613 1621
1614 1894	1614 1622
1615 1896	1615 1624
1616 1897	1616 1624
1617 1898	1617 1625
1618 1899	1618 1626
1619 1900	1619 1627
1620 1901	1620 1628
1621 1903	1621 1630
1622 1904	1622 1631
1623 1905	1623 1632
1624 1906	1624 1633
1625 1907	1625 1633
1626 1908	1626 1634
1627 1910	1627 1636
1628 1911	1628 1637
1629 1912	1629 1638
1630 1913	1630 1639
1631 1914	1631 1640
1632 1915	1632 1641
1633 1917	1633 1642
1634 1918	1634 1643
1635 1919	1635 1644
1636 1920	1636 1645
1637 1921	1637 1646
1639 1922	1639 1647
1640 1924	1640 1649
1641 1925	1641 1650
1642 1926	1642 1651
1643 1927	1643 1651
1644 1928	1644 1652
1645 1929	1645 1653
1646 1931	1646 1655
1647 1932	1647 1656
1648 1933	1648 1657
1649 1934	1649 1658
1650 1935	1650 1659
1651 1936	1651 1660
1652 1938	1652 1661
1653 1939	1653 1662
1654 1940	1654 1663
1655 1941	1655 1664
1656 1942	1656 1665
1657 1943	1657 1666
1658 1945	1658 1668
1659 1946	1659 1669
1660 1947	1660 1669
1661 1948	1661 1670
1662 1949	1662 1671
1663 1950	1663 1672
1664 1952	1664 1674
1665 1953	1665 1675
1666 1954	1666 1676
1667 1955	1667 1677
1668 1956	1668 1678
1669 1957	1669 1678
1670 1959	1670 1680
1671 1960	1671 1681
1672 1961	1672 1682
1673 1962	1673 1683
1674 1963	1674 1684
1675 1964	1675 1685
1676 1966	1676 1687
1677 1967	1677 1687
1678 1968	1678 1688
1679 1969	1679 1689
1680 1970	1680 1690
1682 1971	1682 1691
1683 1973	1683 1693
1684 1974	1684 1694
1685 1975	1685 1695
1686 1976	1686 1695
1687 1977	1687 1696
1688 1978	1688 1697
1689 1979	1689 1698
1690 1981	1690 1700
1691 1982	1691 1701
1692 1983	1692 1702
1693 1984	1693 1703
1694 1985	1694 1704
1695 1986	1695 1704
1696 1988	1696 1706
1697 1989	1697 1707
1698 1990	1698 1708
1699 1991	1699 1709
1700 1992	1700 1710
1701 1993	1701 1711
1702 1995	1702 1713
1703 1996	1703 1713
1704 1997	1704 1714
1705 1998	1705 1715
1706 1999	1706 1716
1707 2000	1707 1717
1708 2002	1708 1719
1709 2003	1709 1720
1710 2004	1710 1721
1711 2005	1711 1722
1712 2006	1712 1722
1713 2007	1713 1723
1714 2009	1714 1725
1715 2010	1715 1726
1716 2011	1716 1727
1717 2012	1717 1728
1718 2013	1718 1729
1719 2014	1719 1730
1720 2016	1720 1731
1721 2017	1721 1732
1722 2018	1722 1733
1723 2019	1723 1734
1725 2020	1725 1735
1726 2021	1726 1736
1727 2022	1727 1737
1728 2024	1728 1739
1729 2025	1729 1739
1730 2026	1730 1740
1731 2027	1731 1741
1732 2028	1732 1742
1733 2029	1733 1743
1734 2031	1734 1745
1735 2032	1735 1746
1736 2033	1736 1747
1737 2034	1737 1748
1738 2035	1738 1748
1739 2036	1739 1749
1740 2038	1740 1751
1741 2039	1741 1752
1742 2040	1742 1753
1743 2041	1743 1754
1744 2042	1744 1755
1745 2043	1745 1756
1746 2044	1746 1757
1747 2046	1747 1758
1748 2047	1748 1759
1749 2048	1749 1760
1750 2049	1750 1761
1751 2050	1751 1762
1752 2051	1752 1763
1753 2053	1753 1765
1754 2054	1754 1765
1755 2055	1755 1766
1756 2056	1756 1767
1757 2057	1757 1768
1758 2058	1758 1769
1759 2060	1759 1771
1760 2061	1760 1772
1761 2062	1761 1773
1762 2063	1762 1774
1763 2064	1763 1774
1764 2065	1764 1775
1765 2066	1765 1776
1766 2068	1766 1778
1768 2069	1768 1779
1769 2070	1769 1780
1770 2071	1770 1781
1771 2072	1771 1782
1772 2073	1772 1783
1773 2075	1773 1784
1774 2076	1774 1785
1775 2077	1775 1786
1776 2078	1776 1787
1777 2079	1777 1788
1778 2080	1778 1789
1779 2082	1779 1791
1780 2083	1780 1791
1781 2084	1781 1792
1782 2085	1782 1793
1783 2086	1783 1794
1784 2087	1784 1795
1785 2088	1785 1796
1786 2090	1786 1798
1787 2091	1787 1799
1788 2092	1788 1800
1789 2093	1789 1800
1790 2094	1790 1801
1791 2095	1791 1802
1792 2097	1792 1804
1793 2098	1793 1805
1794 2099	1794 1806
1795 2100	1795 1807
1796 2101	1796 1808
1797 2102	1797 1808
1798 2104	1798 1810
1799 2105	1799 1811
1800 2106	1800 1812
1801 2107	1801 1813
1802 2108	1802 1814
1803 2109	1803 1815
1804 2110	1804 1816
1805 2112	1805 1817
1806 2113	1806 1818
1807 2114	1807 1819
1808 2115	1808 1820
1809 2116	1809 1821
1811 2117	1811 1822
1812 2119	1812 1824
1813 2120	1813 1825
1814 2121	1814 1825
1815 2122	1815 1826
1816 2123	1816 1827
1817 2124	1817 1828
1818 2125	1818 1829
1819 2127	1819 1831
1820 2128	1820 1832
1821 2129	1821 1833
1822 2130	1822 1834
1823 2131	1823 1834
1824 2132	1824 1835
1825 2134	1825 1837
1826 2135	1826 1838
1827 2136	1827 1839
1828 2137	1828 1840
1829 2138	1829 1841
1830 2139	1830 1842
1831 2140	1831 1842
1832 2142	1832 1844
1833 2143	1833 1845
1834 2144	1834 1846
1835 2145	1835 1847
1836 2146	1836 1848
1837 2147	1837 1849
1838 2149	1838 1850
1839 2150	1839 1851
1840 2151	1840 1852
1841 2152	1841 1853
1842 2153	1842 1854
1843 2154	1843 1855
1844 2155	1844 1856
1845 2157	1845 1858
1846 2158	1846 1859
1847 2159	1847 1859
1848 2160	1848 1860
1849 2161	1849 1861
1850 2162	1850 1862
1851 2164	1851 1864
1852 2165	1852 1865
1854 2166	1854 1866
1855 2167	1855 1867
1856 2168	1856 1867
1857 2169	1857 1868
1858 2170	1858 1869
1859 2172	1859 1871
1860 2173	1860 1872
1861 2174	1861 1873
1862 2175	1862 1874
1863 2176	1863 1875
1864 2177	1864 1875
1865 2178	1865 1876
1866 2180	1866 1878
1867 2181	1867 1879
1868 2182	1868 1880
1869 2183	1869 1881
1870 2184	1870 1882
1871 2185	1871 1883
1872 2187	1872 1884
1873 2188	1873 1885
1874 2189	1874 1886
1875 2190	1875 1887
1876 2191	1876 1888
1877 2192	1877 1889
1878 2193	1878 1890
1879 2195	1879 1892
1880 2196	1880 1892
1881 2197	1881 1893
1882 2198	1882 1894
1883 2199	1883 1895
1884 2200	1884 1896
1885 2201	1885 1897
1886 2203	1886 1899
1887 2204	1887 1900
1888 2205	1888 1900
1889 2206	1889 1901
1890 2207	1890 1902
1891 2208	1891 1903
1892 2210	1892 1905
1893 2211	1893 1906
1894 2212	1894 1907
1895 2213	1895 1908
1897 2214	1897 1908
1898 2215	1898 1909
1899 2216	1899 1910
1900 2218	1900 1912
1901 2219	1901 1913
1902 2220	1902 1914
1903 2221	1903 1915
1904 2222	1904 1916
1905 2223	1905 1916
1906 2224	1906 1917
1907 2226	1907 1919
1908 2227	1908 1920
1909 2228	1909 1921
1910 2229	1910 1922
1911 2230	1911 1923
1912 2231	1912 1924
1913 2232	1913 1924
1914 2234	1914 1926
1915 2235	1915 1927
1916 2236	1916 1928
1917 2237	1917 1929
1918 2238	1918 1930
1919 2239	1919 1931
1920 2241	1920 1932
1921 2242	1921 1933
1922 2243	1922 1934
1923 2244	1923 1935
1924 2245	1924 1936
1925 2246	1925 1937
1926 2247	1926 1938
1927 2249	1927 1940
1928 2250	1928 1941
1929 2251	1929 1941
1930 2252	1930 1942
1931 2253	1931 1943
1932 2254	1932 1944
1933 2255	1933 1945
1934 2257	1934 1947
1935 2258	1935 1948
1936 2259	1936 1949
1937 2260	1937 1949
1938 2261	1938 1950
1940 2262	1940 1951
1941 2263	1941 1952
1942 2265	1942 1954
1943 2266	1943 1955
1944 2267	1944 1956
1945 2268	1945 1957
1946 2269	1946 1957
1947 2270	1947 1958
1948 2271	1948 1959
1949 2273	1949 1961
1950 2274	1950 1962
1951 2275	1951 1963
1952 2276	1952 1964
1953 2277	1953 1964
1954 2278	1954 1965
1955 2279	1955 1966
1956 2281	1956 1968
1957 2282	1957 1969
1958 2283	1958 1970
1959 2284	1959 1971
1960 2285	1960 1972
1961 2286	1961 1972
1962 2288	1962 1974
1963 2289	1963 1975
1964 2290	1964 1976
1965 2291	1965 1977
1966 2292	1966 1978
1967 2293	1967 1979
1968 2294	1968 1980
1969 2296	1969 1981
1970 2297	1970 1982
1971 2298	1971 1983
1972 2299	1972 1984
1973 2300	1973 1985
1974 2301	1974 1986
1975 2302	1975 1987
1976 2304	1976 1988
1977 2305	1977 1989
1978 2306	1978 1990
1979 2307	1979 1991
1980 2308	1980 1992
1981 2309	1981 1993
1983 2310	1983 1994
1984 2312	1984 1996
1985 2313	1985 1996
1986 2314	1986 1997
1987 2315	1987 1998
1988 2316	1988 1999
1989 2317	1989 2000
1990 2318	1990 2001
1991 2320	1991 2003
1992 2321	1992 2004
1993 2322	1993 2004
1994 2323	1994 2005
1995 2324	1995 2006
1996 2325	1996 2007
1997 2326	1997 2008
1998 2328	1998 2010
1999 2329	1999 2011
2000 2330	2000 2012
2001 2331	2001 2012
2002 2332	2002 2013
2003 2333	2003 2014
2004 2334	2004 2015
2005 2336	2005 2017
2006 2337	2006 2018
2007 2338	2007 2019
2008 2339	2008 2019
2009 2340	2009 2020
2010 2341	2010 2021
2011 2342	2011 2022
2012 2343	2012 2023
2013 2345	2013 2025
2014 2346	2014 2026
2015 2347	2015 2027
2016 2348	2016 2027
2017 2349	2017 2028
2018 2350	2018 2029
2019 2351	2019 2030
2020 2353	2020 2032
2021 2354	2021 2033
2022 2355	2022 2034
2023 2356	2023 2035
2024 2357	2024 2035
2026 2358	2026 2036
2027 2359	2027 2037
2028 2361	2028 2039
2029 2362	2029 2040
2030 2363	2030 2041
2031 2364	2031 2042
2032 2365	2032 2042
2033 2366	2033 2043
2034 2367	2034 2044
2035 2369	2035 2046
2036 2370	2036 2047
2037 2371	2037 2048
2038 2372	2038 2049
2039 2373	2039 2050
2040 2374	2040 2050
2041 2375	2041 2051
2042 2377	2042 2053
2043 2378	2043 2054
2044 2379	2044 2055
2045 2380	2045 2056
2046 2381	2046 2057
2047 2382	2047 2058
2048 2383	2048 2058
2049 2385	2049 2060
2050 2386	2050 2061
2051 2387	2051 2062
2052 2388	2052 2063
2053 2389	2053 2064
2054 2390	2054 2065
2055 2391	2055 2065
2056 2392	2056 2066
2057 2394	2057 2068
2058 2395	2058 2069
2059 2396	2059 2070
2060 2397	2060 2071
2061 2398	2061 2072
2062 2399	2062 2073
2063 2400	2063 2073
2064 2402	2064 2075
2065 2403	2065 2076
2066 2404	2066 2077
2067 2405	2067 2078
2068 2406	2068 2079
2070 2407	2070 2080
2071 2408	2071 2081
2072 2410	2072 2082
2073 2411	2073 2083
2074 2412	2074 2084
2075 2413	2075 2085
2076 2414	2076 2086
2077 2415	2077 2087
2078 2416	2078 2088
2079 2418	2079 2089
2080 2419	2080 2090
2081 2420	2081 2091
2082 2421	2082 2092
2083 2422	2083 2093
2084 2423	2084 2094
2085 2424	2085 2095
2086 2425	2086 2096
2087 2427	2087 2097
2088 2428	2088 2098
2089 2429	2089 2099
2090 2430	2090 2100
2091 2431	2091 2101
2092 2432	2092 2102
2093 2433	2093 2103
2094 2435	2094 2104
2095 2436	2095 2105
2096 2437	2096 2106
2097 2438	2097 2107
2098 2439	2098 2108
2099 2440	2099 2109
2100 2441	2100 2110
2101 2442	2101 2111
2102 2444	2102 2112
2103 2445	2103 2113
2104 2446	2104 2114
2105 2447	2105 2115
2106 2448	2106 2116
2107 2449	2107 2117
2108 2450	2108 2118
2109 2452	2109 2119
2110 2453	2110 2120
2111 2454	2111 2121
2113 2455	2113 2122
2114 2456	2114 2123
2115 2457	2115 2124
2116 2458	2116 2125
2117 2459	2117 2126
2118 2461	2118 2127
2119 2462	2119 2128
2120 2463	2120 2129
2121 2464	2121 2130
2122 2465	2122 2131
2123 2466	2123 2132
2124 2467	2124 2133
2125 2469	2125 2134
2126 2470	2126 2135
2127 2471	2127 2136
2128 2472	2128 2137
2129 2473	2129 2138
2130 2474	2130 2139
2131 2475	2131 2140
2132 2476	2132 2140
2133 2478	2133 2142
2134 2479	2134 2143
2135 2480	2135 2144
2136 2481	2136 2145
2137 2482	2137 2146
2138 2483	2138 2147
2139 2484	2139 2148
2140 2486	2140 2149
2141 2487	2141 2150
2142 2488	2142 2151
2143 2489	2143 2152
2144 2490	2144 2153
2145 2491	2145 2154
2146 2492	2146 2155
2147 2493	2147 2155
2148 2495	2148 2157
2149 2496	2149 2158
2150 2497	2150 2159
2151 2498	2151 2160
2152 2499	2152 2161
2153 2500	2153 2162
2154 2501	2154 2163
2156 2503	2156 2164
2157 2504	2157 2165
2158 2505	2158 2166
2159 2506	2159 2167
2160 2507	2160 2168
2161 2508	2161 2169
2162 2509	2162 2170
2163 2510	2163 2170
2164 2512	2164 2172
2165 2513	2165 2173
2166 2514	2166 2174
2167 2515	2167 2175
2168 2516	2168 2176
2169 2517	2169 2177
2170 2518	2170 2177
2171 2519	2171 2178
2172 2521	2172 2180
2173 2522	2173 2181
2174 2523	2174 2182
2175 2524	2175 2183
2176 2525	2176 2184
2177 2526	2177 2185
2178 2527	2178 2185
2179 2528	2179 2186
2180 2530	2180 2188
2181 2531	2181 2189
2182 2532	2182 2190
2183 2533	2183 2191
2184 2534	2184 2192
2185 2535	2185 2192
2186 2536	2186 2193
2187 2538	2187 2195
2188 2539	2188 2196
2189 2540	2189 2197
2190 2541	2190 2198
2191 2542	2191 2199
2192 2543	2192 2199
2193 2544	2193 2200
2194 2545	2194 2201
2195 2547	2195 2203
2196 2548	2196 2204
2197 2549	2197 2205
2199 2550	2199 2206
2200 2551	2200 2206
2201 2552	2201 2207
2202 2553	2202 2208
2203 2554	2203 2209
2204 2556	2204 2211
2205 2557	2205 2212
2206 2558	2206 2213
2207 2559	2207 2214
2208 2560	2208 2214
2209 2561	2209 2215
2210 2562	2210 2216
2211 2563	2211 2217
2212 2565	2212 2219
2213 2566	2213 2220
2214 2567	2214 2221
2215 2568	2215 2221
2216 2569	2216 2222
2217 2570	2217 2223
2218 2571	2218 2224
2219 2572	2219 2225
2220 2574	2220 2227
2221 2575	2221 2228
2222 2576	2222 2228
2223 2577	2223 2229
2224 2578	2224 2230
2225 2579	2225 2231
2226 2580	2226 2232
2227 2581	2227 2233
2228 2583	2228 2235
2229 2584	2229 2235
2230 2585	2230 2236
2231 2586	2231 2237
2232 2587	2232 2238
2233 2588	2233 2239
2234 2589	2234 2240
2235 2590	2235 2241
2236 2592	2236 2243
2237 2593	2237 2243
2238 2594	2238 2244
2239 2595	2239 2245
2240 2596	2240 2246
2242 2597	2242 2247
2243 2598	2243 2248
2244 2599	2244 2249
2245 2601	2245 2250
2246 2602	2246 2251
2247 2603	2247 2252
2248 2604	2248 2253
2249 2605	2249 2254
2250 2606	2250 2255
2251 2607	2251 2256
2252 2608	2252 2257
2253 2610	2253 2258
2254 2611	2254 2259
2255 2612	2255 2260
2256 2613	2256 2261
2257 2614	2257 2262
2258 2615	2258 2263
2259 2616	2259 2264
2260 2617	2260 2264
2261 2619	2261 2266
2262 2620	2262 2267
2263 2621	2263 2268
2264 2622	2264 2269
2265 2623	2265 2270
2266 2624	2266 2271
2267 2625	2267 2272
2268 2626	2268 2272
2269 2628	2269 2274
2270 2629	2270 2275
2271 2630	2271 2276
2272 2631	2272 2277
2273 2632	2273 2278
2274 2633	2274 2279
2275 2634	2275 2279
2276 2635	2276 2280
2277 2636	2277 2281
2278 2638	2278 2283
2279 2639	2279 2284
2280 2640	2280 2285
2281 2641	2281 2286
2282 2642	2282 2286
2283 2643	2283 2287
2285 2644	2285 2288
2286 2645	2286 2289
2287 2647	2287 2291
2288 2648	2288 2292
2289 2649	2289 2293
2290 2650	2290 2293
2291 2651	2291 2294
2292 2652	2292 2295
2293 2653	2293 2296
2294 2654	2294 2297
2295 2656	2295 2299
2296 2657	2296 2300
2297 2658	2297 2300
2298 2659	2298 2301
2299 2660	2299 2302
2300 2661	2300 2303
2301 2662	2301 2304
2302 2663	2302 2305
2303 2665	2303 2307
2304 2666	2304 2308
2305 2667	2305 2308
2306 2668	2306 2309
2307 2669	2307 2310
2308 2670	2308 2311
2309 2671	2309 2312
2310 2672	2310 2313
2311 2673	2311 2314
2312 2675	2312 2315
2313 2676	2313 2316
2314 2677	2314 2317
2315 2678	2315 2318
2316 2679	2316 2319
2317 2680	2317 2320
2318 2681	2318 2321
2319 2682	2319 2322
2320 2684	2320 2323
2321 2685	2321 2324
2322 2686	2322 2325
2323 2687	2323 2326
2324 2688	2324 2327
2325 2689	2325 2328
2326 2690	2326 2329
2328 2691	2328 2329
2329 2692	2329 2330
2330 2694	2330 2332
2331 2695	2331 2333
2332 2696	2332 2334
2333 2697	2333 2335
2334 2698	2334 2336
2335 2699	2335 2336
2336 2700	2336 2337
2337 2701	2337 2338
2338 2703	2338 2340
2339 2704	2339 2341
2340 2705	2340 2342
2341 2706	2341 2343
2342 2707	2342 2344
2343 2708	2343 2344
2344 2709	2344 2345
2345 2710	2345 2346
2346 2711	2346 2347
2347 2713	2347 2349
2348 2714	2348 2350
2349 2715	2349 2351
2350 2716	2350 2351
2351 2717	2351 2352
2352 2718	2352 2353
2353 2719	2353 2354
2354 2720	2354 2355
2355 2721	2355 2356
2356 2723	2356 2358
2357 2724	2357 2358
2358 2725	2358 2359
2359 2726	2359 2360
2360 2727	2360 2361
2361 2728	2361 2362
2362 2729	2362 2363
2363 2730	2363 2364
2364 2732	2364 2365
2365 2733	2365 2366
2366 2734	2366 2367
2367 2735	2367 2368
2368 2736	2368 2369
2369 2737	2369 2370
2371 2738	2371 2371
2372 2739	2372 2372
2373 2740	2373 2372
2374 2742	2374 2374
2375 2743	2375 2375
2376 2744	2376 2376
2377 2745	2377 2377
2378 2746	2378 2378
2379 2747	2379 2379
2380 2748	2380 2380
2381 2749	2381 2380
2382 2750	2382 2381
2383 2752	2383 2383
2384 2753	2384 2384
2385 2754	2385 2385
2386 2755	2386 2386
2387 2756	2387 2387
2388 2757	2388 2387
2389 2758	2389 2388
2390 2759	2390 2389
2391 2760	2391 2390
2392 2762	2392 2392
2393 2763	2393 2393
2394 2764	2394 2394
2395 2765	2395 2394
2396 2766	2396 2395
2397 2767	2397 2396
2398 2768	2398 2397
2399 2769	2399 2398
2400 2770	2400 2399
2401 2772	2401 2401
2402 2773	2402 2402
2403 2774	2403 2402
2404 2775	2404 2403
2405 2776	2405 2404
2406 2777	2406 2405
2407 2778	2407 2406
2408 2779	2408 2407
2409 2780	2409 2408
2410 2782	2410 2409
2411 2783	2411 2410
2412 2784	2412 2411
2414 2785	2414 2412
2415 2786	2415 2413
2416 2787	2416 2414
2417 2788	2417 2415
2418 2789	2418 2416
2419 2790	2419 2416
2420 2792	2420 2418
2421 2793	2421 2419
2422 2794	2422 2420
2423 2795	2423 2421
2424 2796	2424 2422
2425 2797	2425 2423
2426 2798	2426 2424
2427 2799	2427 2424
2428 2800	2428 2425
2429 2802	2429 2427
2430 2803	2430 2428
2431 2804	2431 2429
2432 2805	2432 2430
2433 2806	2433 2431
2434 2807	2434 2431
2435 2808	2435 2432
2436 2809	2436 2433
2437 2810	2437 2434
2438 2812	2438 2436
2439 2813	2439 2437
2440 2814	2440 2438
2441 2815	2441 2438
2442 2816	2442 2439
2443 2817	2443 2440
2444 2818	2444 2441
2445 2819	2445 2442
2446 2820	2446 2443
2447 2822	2447 2445
2448 2823	2448 2446
2449 2824	2449 2446
2450 2825	2450 2447
2451 2826	2451 2448
2452 2827	2452 2449
2453 2828	2453 2450
2454 2829	2454 2451
2455 2830	2455 2452
2457 2832	2457 2453
2458 2833	2458 2454
2459 2834	2459 2455
2460 2835	2460 2456
2461 2836	2461 2457
2462 2837	2462 2458
2463 2838	2463 2459
2464 2839	2464 2460
2465 2840	2465 2461
2466 2841	2466 2461
2467 2843	2467 2463
2468 2844	2468 2464
2469 2845	2469 2465
2470 2846	2470 2466
2471 2847	2471 2467
2472 2848	2472 2468
2473 2849	2473 2468
2474 2850	2474 2469
2475 2851	2475 2470
2476 2853	2476 2472
2477 2854	2477 2473
2478 2855	2478 2474
2479 2856	2479 2475
2480 2857	2480 2476
2481 2858	2481 2476
2482 2859	2482 2477
2483 2860	2483 2478
2484 2861	2484 2479
2485 2862	2485 2480
2486 2864	2486 2482
2487 2865	2487 2483
2488 2866	2488 2483
2489 2867	2489 2484
2490 2868	2490 2485
2491 2869	2491 2486
2492 2870	2492 2487
2493 2871	2493 2488
2494 2872	2494 2489
2495 2874	2495 2491
2496 2875	2496 2491
2497 2876	2497 2492
2498 2877	2498 2493
2499 2878	2499 2494
2501 2879	2501 2495
2502 2880	2502 2496
2503 2881	2503 2497
2504 2882	2504 2498
2505 2883	2505 2498
2506 2885	2506 2500
2507 2886	2507 2501
2508 2887	2508 2502
2509 2888	2509 2503
2510 2889	2510 2504
2511 2890	2511 2505
2512 2891	2512 2506
2513 2892	2513 2506
2514 2893	2514 2507
2515 2894	2515 2508
2516 2896	2516 2510
2517 2897	2517 2511
2518 2898	2518 2512
2519 2899	2519 2513
2520 2900	2520 2514
2521 2901	2521 2514
2522 2902	2522 2515
2523 2903	2523 2516
2524 2904	2524 2517
2525 2906	2525 2519
2526 2907	2526 2520
2527 2908	2527 2521
2528 2909	2528 2522
2529 2910	2529 2522
2530 2911	2530 2523
2531 2912	2531 2524
2532 2913	2532 2525
2533 2914	2533 2526
2534 2915	2534 2527
2535 2917	2535 2529
2536 2918	2536 2529
2537 2919	2537 2530
2538 2920	2538 2531
2539 2921	2539 2532
2540 2922	2540 2533
2541 2923	2541 2534
2542 2924	2542 2535
2544 2925	2544 2536
2545 2926	2545 2537
2546 2928	2546 2538
2547 2929	2547 2539
2548 2930	2548 2540
2549 2931	2549 2541
2550 2932	2550 2542
2551 2933	2551 2543
2552 2934	2552 2544
2553 2935	2553 2545
2554 2936	2554 2545
2555 2937	2555 2546
2556 2939	2556 2548
2557 2940	2557 2549
2558 2941	2558 2550
2559 2942	2559 2551
2560 2943	2560 2552
2561 2944	2561 2553
2562 2945	2562 2553
2563 2946	2563 2554
2564 2947	2564 2555
2565 2948	2565 2556
2566 2950	2566 2558
2567 2951	2567 2559
2568 2952	2568 2560
2569 2953	2569 2561
2570 2954	2570 2561
2571 2955	2571 2562
2572 2956	2572 2563
2573 2957	2573 2564
2574 2958	2574 2565
2575 2959	2575 2566
2576 2961	2576 2568
2577 2962	2577 2569
2578 2963	2578 2569
2579 2964	2579 2570
2580 2965	2580 2571
2581 2966	2581 2572
2582 2967	2582 2573
2583 2968	2583 2574
2584 2969	2584 2575
2585 2970	2585 2576
2587 2971	2587 2577
2588 2973	2588 2578
2589 2974	2589 2579
2590 2975	2590 2580
2591 2976	2591 2581
2592 2977	2592 2582
2593 2978	2593 2583
2594 2979	2594 2584
2595 2980	2595 2585
2596 2981	2596 2586
2597 2982	2597 2586
2598 2984	2598 2588
2599 2985	2599 2589
2600 2986	2600 2590
2601 2987	2601 2591
2602 2988	2602 2592
2603 2989	2603 2593
2604 2990	2604 2594
2605 2991	2605 2594
2606 2992	2606 2595
2607 2993	2607 2596
2608 2994	2608 2597
2609 2996	2609 2599
2610 2997	2610 2600
2611 2998	2611 2601
2612 2999	2612 2602
2613 3000	2613 2603
2614 3001	2614 2603
2615 3002	2615 2604
2616 3003	2616 2605
2617 3004	2617 2606
2618 3005	2618 2607
2619 3007	2619 2609
2620 3008	2620 2610
2621 3009	2621 2611
2622 3010	2622 2611
2623 3011	2623 2612
2624 3012	2624 2613
2625 3013	2625 2614
2626 3014	2626 2615
2627 3015	2627 2616
2628 3016	2628 2617
2630 3017	2630 2618
2631 3019	2631 2620
2632 3020	2632 2620
2633 3021	2633 2621
2634 3022	2634 2622
2635 3023	2635 2623
2636 3024	2636 2624
2637 3025	2637 2625
2638 3026	2638 2626
2639 3027	2639 2627
2640 3028	2640 2628
2641 3029	2641 2629
2642 3031	2642 2630
2643 3032	2643 2631
2644 3033	2644 2632
2645 3034	2645 2633
2646 3035	2646 2634
2647 3036	2647 2635
2648 3037	2648 2636
2649 3038	2649 2637
2650 3039	2650 2637
2651 3040	2651 2638
2652 3042	2652 2640
2653 3043	2653 2641
2654 3044	2654 2642
2655 3045	2655 2643
2656 3046	2656 2644
2657 3047	2657 2645
2658 3048	2658 2646
2659 3049	2659 2646
2660 3050	2660 2647
2661 3051	2661 2648
2662 3052	2662 2649
2663 3054	2663 2651
2664 3055	2664 2652
2665 3056	2665 2653
2666 3057	2666 2654
2667 3058	2667 2655
2668 3059	2668 2656
2669 3060	2669 2656
2670 3061	2670 2657
2671 3062	2671 2658
2673 3063	2673 2659
2674 3064	2674 2660
2675 3065	2675 2661
2676 3067	2676 2663
2677 3068	2677 2664
2678 3069	2678 2665
2679 3070	2679 2665
2680 3071	2680 2666
2681 3072	2681 2667
2682 3073	2682 2668
2683 3074	2683 2669
2684 3075	2684 2670
2685 3076	2685 2671
2686 3077	2686 2672
2687 3079	2687 2674
2688 3080	2688 2674
2689 3081	2689 2675
2690 3082	2690 2676
2691 3083	2691 2677
2692 3084	2692 2678
2693 3085	2693 2679
2694 3086	2694 2680
2695 3087	2695 2681
2696 3088	2696 2682
2697 3089	2697 2683
2698 3091	2698 2684
2699 3092	2699 2685
2700 3093	2700 2686
2701 3094	2701 2687
2702 3095	2702 2688
2703 3096	2703 2689
2704 3097	2704 2690
2705 3098	2705 2691
2706 3099	2706 2692
2707 3100	2707 2693
2708 3101	2708 2694
2709 3102	2709 2694
2710 3104	2710 2696
2711 3105	2711 2697
2712 3106	2712 2698
2713 3107	2713 2699
2714 3108	2714 2700
2716 3109	2716 2701
2717 3110	2717 2702
2718 3111	2718 2703
2719 3112	2719 2704
2720 3113	2720 2704
2721 3114	2721 2705
2722 3116	2722 2707
2723 3117	2723 2708
2724 3118	2724 2709
2725 3119	2725 2710
2726 3120	2726 2711
2727 3121	2727 2712
2728 3122	2728 2713
2729 3123	2729 2714
2730 3124	2730 2714
2731 3125	2731 2715
2732 3126	2732 2716
2733 3127	2733 2717
2734 3129	2734 2719
2735 3130	2735 2720
2736 3131	2736 2721
2737 3132	2737 2722
2738 3133	2738 2723
2739 3134	2739 2724
2740 3135	2740 2724
2741 3136	2741 2725
2742 3137	2742 2726
2743 3138	2743 2727
2744 3139	2744 2728
2745 3140	2745 2729
2746 3142	2746 2731
2747 3143	2747 2732
2748 3144	2748 2733
2749 3145	2749 2734
2750 3146	2750 2735
2751 3147	2751 2735
2752 3148	2752 2736
2753 3149	2753 2737
2754 3150	2754 2738
2755 3151	2755 2739
2756 3152	2756 2740
2757 3153	2757 2741
2759 3155	2759 2743
2760 3156	2760 2744
2761 3157	2761 2745
2762 3158	2762 2746
2763 3159	2763 2746
2764 3160	2764 2747
2765 3161	2765 2748
2766 3162	2766 2749
2767 3163	2767 2750
2768 3164	2768 2751
2769 3165	2769 2752
2770 3166	2770 2753
2771 3168	2771 2755
2772 3169	2772 2756
2773 3170	2773 2757
2774 3171	2774 2758
2775 3172	2775 2758
2776 3173	2776 2759
2777 3174	2777 2760
2778 3175	2778 2761
2779 3176	2779 2762
2780 3177	2780 2763
2781 3178	2781 2764
2782 3179	2782 2765
2783 3181	2783 2767
2784 3182	2784 2768
2785 3183	2785 2769
2786 3184	2786 2770
2787 3185	2787 2770
2788 3186	2788 2771
2789 3187	2789 2772
2790 3188	2790 2773
2791 3189	2791 2774
2792 3190	2792 2775
2793 3191	2793 2776
2794 3192	2794 2777
2795 3193	2795 2778
2796 3195	2796 2780
2797 3196	2797 2781
2798 3197	2798 2782
2799 3198	2799 2782
2800 3199	2800 2783
2802 3200	2802 2784
2803 3201	2803 2785
2804 3202	2804 2786
2805 3203	2805 2787
2806 3204	2806 2788
2807 3205	2807 2789
2808 3206	2808 2790
2809 3207	2809 2791
2810 3209	2810 2793
2811 3210	2811 2794
2812 3211	2812 2795
2813 3212	2813 2795
2814 3213	2814 2796
2815 3214	2815 2797
2816 3215	2816 2798
2817 3216	2817 2799
2818 3217	2818 2800
2819 3218	2819 2801
2820 3219	2820 2802
2821 3220	2821 2803
2822 3222	2822 2805
2823 3223	2823 2806
2824 3224	2824 2807
2825 3225	2825 2808
2826 3226	2826 2808
2827 3227	2827 2809
2828 3228	2828 2810
2829 3229	2829 2811
2830 3230	2830 2812
2831 3231	2831 2813
2832 3232	2832 2814
2833 3233	2833 2815
2834 3234	2834 2816
2835 3236	2835 2818
2836 3237	2836 2819
2837 3238	2837 2820
2838 3239	2838 2821
2839 3240	2839 2822
2840 3241	2840 2822
2841 3242	2841 2823
2842 3243	2842 2824
2843 3244	2843 2825
2845 3245	2845 2826
2846 3246	2846 2827
2847 3247	2847 2828
2848 3248	2848 2829
2849 3249	2849 2830
2850 3251	2850 2832
2851 3252	2851 2833
2852 3253	2852 2834
2853 3254	2853 2835
2854 3255	2854 2836
2855 3256	2855 2837
2856 3257	2856 2838
2857 3258	2857 2838
2858 3259	2858 2839
2859 3260	2859 2840
2860 3261	2860 2841
2861 3262	2861 2842
2862 3263	2862 2843
2863 3265	2863 2845
2864 3266	2864 2846
2865 3267	2865 2847
2866 3268	2866 2848
2867 3269	2867 2849
2868 3270	2868 2850
2869 3271	2869 2851
2870 3272	2870 2852
2871 3273	2871 2853
2872 3274	2872 2854
2873 3275	2873 2854
2874 3276	2874 2855
2875 3277	2875 2856
2876 3278	2876 2857
2877 3280	2877 2859
2878 3281	2878 2860
2879 3282	2879 2861
2880 3283	2880 2862
2881 3284	2881 2863
2882 3285	2882 2864
2883 3286	2883 2865
2884 3287	2884 2866
2885 3288	2885 2867
2886 3289	2886 2868
2887 3290	2887 2869
2889 3291	2889 2870
2890 3292	2890 2871
2891 3293	2891 2872
2892 3295	2892 2873
2893 3296	2893 2874
2894 3297	2894 2875
2895 3298	2895 2876
2896 3299	2896 2877
2897 3300	2897 2878
2898 3301	2898 2879
2899 3302	2899 2880
2900 3303	2900 2881
2901 3304	2901 2882
2902 3305	2902 2883
2903 3306	2903 2884
2904 3307	2904 2885
2905 3308	2905 2886
2906 3310	2906 2888
2907 3311	2907 2889
2908 3312	2908 2890
2909 3313	2909 2891
2910 3314	2910 2892
2911 3315	2911 2892
2912 3316	2912 2893
2913 3317	2913 2894
2914 3318	2914 2895
2915 3319	2915 2896
2916 3320	2916 2897
2917 3321	2917 2898
2918 3322	2918 2899
2919 3323	2919 2900
2920 3325	2920 2902
2921 3326	2921 2903
2922 3327	2922 2904
2923 3328	2923 2905
2924 3329	2924 2906
2925 3330	2925 2907
2926 3331	2926 2908
2927 3332	2927 2909
2928 3333	2928 2910
2929 3334	2929 2911
2930 3335	2930 2912
2932 3336	2932 2913
2933 3337	2933 2914
2934 3338	2934 2915
2935 3339	2935 2916
2936 3341	2936 2917
2937 3342	2937 2918
2938 3343	2938 2919
2939 3344	2939 2920
2940 3345	2940 2921
2941 3346	2941 2922
2942 3347	2942 2923
2943 3348	2943 2924
2944 3349	2944 2925
2945 3350	2945 2926
2946 3351	2946 2927
2947 3352	2947 2928
2948 3353	2948 2929
2949 3354	2949 2930
2950 3355	2950 2931
2951 3357	2951 2933
2952 3358	2952 2934
2953 3359	2953 2935
2954 3360	2954 2936
2955 3361	2955 2937
2956 3362	2956 2938
2957 3363	2957 2939
2958 3364	2958 2940
2959 3365	2959 2941
2960 3366	2960 2942
2961 3367	2961 2943
2962 3368	2962 2944
2963 3369	2963 2945
2964 3370	2964 2946
2965 3371	2965 2947
2966 3373	2966 2948
2967 3374	2967 2949
2968 3375	2968 2950
2969 3376	2969 2951
2970 3377	2970 2952
2971 3378	2971 2953
2972 3379	2972 2954
2973 3380	2973 2955
2975 3381	2975 2956
2976 3382	2976 2957
2977 3383	2977 2958
2978 3384	2978 2959
2979 3385	2979 2960
2980 3386	2980 2961
2981 3387	2981 2962
2982 3388	2982 2963
2983 3390	2983 2965
2984 3391	2984 2966
2985 3392	2985 2967
2986 3393	2986 2968
2987 3394	2987 2969
2988 3395	2988 2970
2989 3396	2989 2971
2990 3397	2990 2972
2991 3398	2991 2973
2992 3399	2992 2974
2993 3400	2993 2975
2994 3401	2994 2976
2995 3402	2995 2977
2996 3403	2996 2978
2997 3404	2997 2979
2998 3405	2998 2980
2999 3407	2999 2982
3000 3408	3000 2983
3001 3409	3001 2984
3002 3410	3002 2985
3003 3411	3003 2986
3004 3412	3004 2987
3005 3413	3005 2988
3006 3414	3006 2989
3007 3415	3007 2990
3008 3416	3008 2991
3009 3417	3009 2992
3010 3418	3010 2993
3011 3419	3011 2994
3012 3420	3012 2995
3013 3421	3013 2996
3014 3422	3014 2997
3015 3424	3015 2999
3016 3425	3016 3000
3018 3426	3018 3001
3019 3427	3019 3002
3020 3428	3020 3003
3021 3429	3021 3004
3022 3430	3022 3005
3023 3431	3023 3006
3024 3432	3024 3007
3025 3433	3025 3008
3026 3434	3026 3009
3027 3435	3027 3010
3028 3436	3028 3011
3029 3437	3029 3012
3030 3438	3030 3013
3031 3439	3031 3014
3032 3440	3032 3015
3033 3442	3033 3017
3034 3443	3034 3018
3035 3444	3035 3019
3036 3445	3036 3020
3037 3446	3037 3021
3038 3447	3038 3022
3039 3448	3039 3023
3040 3449	3040 3024
3041 3450	3041 3025
3042 3451	3042 3026
3043 3452	3043 3027
3044 3453	3044 3028
3045 3454	3045 3029
3046 3455	3046 3030
3047 3456	3047 3031
3048 3457	3048 3032
3049 3458	3049 3033
3050 3460	3050 3035
3051 3461	3051 3036
3052 3462	3052 3037
3053 3463	3053 3038
3054 3464	3054 3039
3055 3465	3055 3040
3056 3466	3056 3041
3057 3467	3057 3042
3058 3468	3058 3043
3059 3469	3059 3044
3061 3470	3061 3045
3062 3471	3062 3046
3063 3472	3063 3047
3064 3473	3064 3048
3065 3474	3065 3049
3066 3475	3066 3050
3067 3476	3067 3051
3068 3478	3068 3053
3069 3479	3069 3054
3070 3480	3070 3055
3071 3481	3071 3056
3072 3482	3072 3057
3073 3483	3073 3058
3074 3484	3074 3059
3075 3485	3075 3060
3076 3486	3076 3061
3077 3487	3077 3062
3078 3488	3078 3063
3079 3489	3079 3064
3080 3490	3080 3065
3081 3491	3081 3066
3082 3492	3082 3067
3083 3493	3083 3068
3084 3494	3084 3069
3085 3495	3085 3070
3086 3497	3086 3072
3087 3498	3087 3073
3088 3499	3088 3074
3089 3500	3089 3075
3090 3501	3090 3076
3091 3502	3091 3077
3092 3503	3092 3078
3093 3504	3093 3079
3094 3505	3094 3080
3095 3506	3095 3081
3096 3507	3096 3082
3097 3508	3097 3083
3098 3509	3098 3085
3099 3510	3099 3086
3100 3511	3100 3087
3101 3512	3101 3088
3102 3513	3102 3089
3104 3514	3104 3090
3105 3515	3105 3091
3106 3517	3106 3093
3107 3518	3107 3094
3108 3519	3108 3095
3109 3520	3109 3096
3110 3521	3110 3097
3111 3522	3111 3098
3112 3523	3112 3099
3113 3524	3113 3100
3114 3525	3114 3101
3115 3526	3115 3102
3116 3527	3116 3103
3117 3528	3117 3104
3118 3529	3118 3105
3119 3530	3119 3106
3120 3531	3120 3107
3121 3532	3121 3108
3122 3533	3122 3109
3123 3534	3123 3110
3124 3535	3124 3111
3125 3537	3125 3113
3126 3538	3126 3115
3127 3539	3127 3116
3128 3540	3128 3117
3129 3541	3129 3118
3130 3542	3130 3119
3131 3543	3131 3120
3132 3544	3132 3121
3133 3545	3133 3122
3134 3546	3134 3123
3135 3547	3135 3124
3136 3548	3136 3125
3137 3549	3137 3126
3138 3550	3138 3127
3139 3551	3139 3128
3140 3552	3140 3129
3141 3553	3141 3130
3142 3554	3142 3131
3143 3555	3143 3132
3144 3556	3144 3133
3145 3558	3145 3135
3147 3559	3147 3137
3148 3560	3148 3138
3149 3561	3149 3139
3150 3562	3150 3140
3151 3563	3151 3141
3152 3564	3152 3142
3153 3565	3153 3143
3154 3566	3154 3144
3155 3567	3155 3145
3156 3568	3156 3146
3157 3569	3157 3147
3158 3570	3158 3148
3159 3571	3159 3149
3160 3572	3160 3150
3161 3573	3161 3151
3162 3574	3162 3152
3163 3575	3163 3153
3164 3576	3164 3154
3165 3577	3165 3156
3166 3578	3166 3157
3167 3580	3167 3159
3168 3581	3168 3160
3169 3582	3169 3161
3170 3583	3170 3162
3171 3584	3171 3163
3172 3585	3172 3164
3173 3586	3173 3165
3174 3587	3174 3166
3175 3588	3175 3167
3176 3589	3176 3168
3177 3590	3177 3169
3178 3591	3178 3170
3179 3592	3179 3172
3180 3593	3180 3173
3181 3594	3181 3174
3182 3595	3182 3175
3183 3596	3183 3176
3184 3597	3184 3177
3185 3598	3185 3178
3186 3599	3186 3179
3187 3600	3187 3180
3188 3602	3188 3182
3190 3603	3190 3183
3191 3604	3191 3184
3192 3605	3192 3185
3193 3606	3193 3187
3194 3607	3194 3188
3195 3608	3195 3189
3196 3609	3196 3190
3197 3610	3197 3191
3198 3611	3198 3192
3199 3612	3199 3193
3200 3613	3200 3194
3201 3614	3201 3195
3202 3615	3202 3196
3203 3616	3203 3197
3204 3617	3204 3198
3205 3618	3205 3200
3206 3619	3206 3201
3207 3620	3207 3202
3208 3621	3208 3203
3209 3622	3209 3204
3210 3623	3210 3205
3211 3624	3211 3206
3212 3626	3212 3208
3213 3627	3213 3209
3214 3628	3214 3210
3215 3629	3215 3211
3216 3630	3216 3213
3217 3631	3217 3214
3218 3632	3218 3215
3219 3633	3219 3216
3220 3634	3220 3217
3221 3635	3221 3218
3222 3636	3222 3219
3223 3637	3223 3220
3224 3638	3224 3221
3225 3639	3225 3222
3226 3640	3226 3224
3227 3641	3227 3225
3228 3642	3228 3226
3229 3643	3229 3227
3230 3644	3230 3228
3231 3645	3231 3229
3233 3646	3233 3230
3234 3647	3234 3231
3235 3648	3235 3232
3236 3650	3236 3235
3237 3651	3237 3236
3238 3652	3238 3237
3239 3653	3239 3238
3240 3654	3240 3239
3241 3655	3241 3240
3242 3656	3242 3241
3243 3657	3243 3242
3244 3658	3244 3243
3245 3659	3245 3244
3246 3660	3246 3246
3247 3661	3247 3247
3248 3662	3248 3248
3249 3663	3249 3249
3250 3664	3250 3250
3251 3665	3251 3251
3252 3666	3252 3252
3253 3667	3253 3253
3254 3668	3254 3254
3255 3669	3255 3256
3256 3670	3256 3257
3257 3671	3257 3258
3258 3672	3258 3259
3259 3673	3259 3260
3260 3674	3260 3261
3261 3676	3261 3263
3262 3677	3262 3264
3263 3678	3263 3266
3264 3679	3264 3267
3265 3680	3265 3268
3266 3681	3266 3269
3267 3682	3267 3270
3268 3683	3268 3271
3269 3684	3269 3272
3270 3685	3270 3273
3271 3686	3271 3275
3272 3687	3272 3276
3273 3688	3273 3277
3274 3689	3274 3278
3276 3690	3276 3279
3277 3691	3277 3280
3278 3692	3278 3281
3279 3693	3279 3282
3280 3694	3280 3284
3281 3695	3281 3285
3282 3696	3282 3286
3283 3697	3283 3287
3284 3698	3284 3288
3285 3699	3285 3289
3286 3700	3286 3290
3287 3701	3287 3292
3288 3703	3288 3294
3289 3704	3289 3295
3290 3705	3290 3296
3291 3706	3291 3297
3292 3707	3292 3298
3293 3708	3293 3299
3294 3709	3294 3301
3295 3710	3295 3302
3296 3711	3296 3303
3297 3712	3297 3304
3298 3713	3298 3305
3299 3714	3299 3306
3300 3715	3300 3307
3301 3716	3301 3309
3302 3717	3302 3310
3303 3718	3303 3311
3304 3719	3304 3312
3305 3720	3305 3313
3306 3721	3306 3314
3307 3722	3307 3315
3308 3723	3308 3317
3309 3724	3309 3318
3310 3725	3310 3319
3311 3726	3311 3320
3312 3727	3312 3321
3313 3728	3313 3322
3314 3729	3314 3324
3315 3730	3315 3325
3316 3732	3316 3327
3317 3733	3317 3328
3318 3734	3318 3329
3320 3735	3320 3330
3321 3736	3321 3332
3322 3737	3322 3333
3323 3738	3323 3334
3324 3739	3324 3335
3325 3740	3325 3336
3326 3741	3326 3337
3327 3742	3327 3339
3328 3743	3328 3340
3329 3744	3329 3341
3330 3745	3330 3342
3331 3746	3331 3343
3332 3747	3332 3344
3333 3748	3333 3346
3334 3749	3334 3347
3335 3750	3335 3348
3336 3751	3336 3349
3337 3752	3337 3350
3338 3753	3338 3351
3339 3754	3339 3353
3340 3755	3340 3354
3341 3756	3341 3355
3342 3757	3342 3356
3343 3758	3343 3357
3344 3759	3344 3358
3345 3760	3345 3360
3346 3761	3346 3361
3347 3763	3347 3363
3348 3764	3348 3364
3349 3765	3349 3365
3350 3766	3350 3367
3351 3767	3351 3368
3352 3768	3352 3369
3353 3769	3353 3370
3354 3770	3354 3371
3355 3771	3355 3373
3356 3772	3356 3374
3357 3773	3357 3375
3358 3774	3358 3376
3359 3775	3359 3377
3360 3776	3360 3378
3361 3777	3361 3380
3363 3778	3363 3381
3364 3779	3364 3382
3365 3780	3365 3383
3366 3781	3366 3384
3367 3782	3367 3386
3368 3783	3368 3387
3369 3784	3369 3388
3370 3785	3370 3389
3371 3786	3371 3390
3372 3787	3372 3392
3373 3788	3373 3393
3374 3789	3374 3394
3375 3790	3375 3395
3376 3791	3376 3396
3377 3792	3377 3398
3378 3793	3378 3399
3379 3794	3379 3400
3380 3795	3380 3401
3381 3797	3381 3404
3382 3798	3382 3405
3383 3799	3383 3406
3384 3800	3384 3407
3385 3801	3385 3408
3386 3802	3386 3410
3387 3803	3387 3411
3388 3804	3388 3412
3389 3805	3389 3413
3390 3806	3390 3414
3391 3807	3391 3416
3392 3808	3392 3417
3393 3809	3393 3418
3394 3810	3394 3419
3395 3811	3395 3420
3396 3812	3396 3422
3397 3813	3397 3423
3398 3814	3398 3424
3399 3815	3399 3425
3400 3816	3400 3427
3401 3817	3401 3428
3402 3818	3402 3429
3403 3819	3403 3430
3404 3820	3404 3431
3406 3821	3406 3433
3407 3822	3407 3434
3408 3823	3408 3435
3409 3824	3409 3436
3410 3825	3410 3438
3411 3826	3411 3439
3412 3827	3412 3440
3413 3828	3413 3441
3414 3829	3414 3442
3415 3830	3415 3444
3416 3831	3416 3445
3417 3832	3417 3446
3418 3833	3418 3447
3419 3835	3419 3450
3420 3836	3420 3451
3421 3837	3421 3452
3422 3838	3422 3453
3423 3839	3423 3455
3424 3840	3424 3456
3425 3841	3425 3457
3426 3842	3426 3458
3427 3843	3427 3460
3428 3844	3428 3461
3429 3845	3429 3462
3430 3846	3430 3463
3431 3847	3431 3465
3432 3848	3432 3466
3433 3849	3433 3467
3434 3850	3434 3468
3435 3851	3435 3470
3436 3852	3436 3471
3437 3853	3437 3472
3438 3854	3438 3473
3439 3855	3439 3475
3440 3856	3440 3476
3441 3857	3441 3477
3442 3858	3442 3478
3443 3859	3443 3480
3444 3860	3444 3481
3445 3861	3445 3482
3446 3862	3446 3483
3447 3863	3447 3485
3449 3864	3449 3486
3450 3865	3450 3487
3451 3866	3451 3488
3452 3867	3452 3490
3453 3868	3453 3491
3454 3869	3454 3492
3455 3870	3455 3493
3456 3871	3456 3495
3457 3872	3457 3496
3458 3873	3458 3497
3459 3874	3459 3498
3460 3875	3460 3500
3461 3876	3461 3501
3462 3878	3462 3504
3463 3879	3463 3505
3464 3880	3464 3506
3465 3881	3465 3507
3466 3882	3466 3509
3467 3883	3467 3510
3468 3884	3468 3511
3469 3885	3469 3512
3470 3886	3470 3514
3471 3887	3471 3515
3472 3888	3472 3516
3473 3889	3473 3518
3474 3890	3474 3519
3475 3891	3475 3520
3476 3892	3476 3521
3477 3893	3477 3523
3478 3894	3478 3524
3479 3895	3479 3525
3480 3896	3480 3527
3481 3897	3481 3528
3482 3898	3482 3529
3483 3899	3483 3530
3484 3900	3484 3532
3485 3901	3485 3533
3486 3902	3486 3534
3487 3903	3487 3536
3488 3904	3488 3537
3489 3905	3489 3538
3490 3906	3490 3539
3492 3907	3492 3541
3493 3908	3493 3542
3494 3909	3494 3543
3495 3910	3495 3545
3496 3911	3496 3546
3497 3912	3497 3547
3498 3913	3498 3548
3499 3914	3499 3550
3500 3915	3500 3551
3501 3916	3501 3552
3502 3917	3502 3554
3503 3918	3503 3555
3504 3919	3504 3556
3505 3920	3505 3558
3506 3921	3506 3559
3507 3922	3507 3560
3508 3923	3508 3562
3509 3924	3509 3563
3510 3925	3510 3564
3511 3926	3511 3565
3512 3927	3512 3567
3513 3928	3513 3568
3514 3929	3514 3569
3515 3931	3515 3572
3516 3932	3516 3573
3517 3933	3517 3575
3518 3934	3518 3576
3519 3935	3519 3577
3520 3936	3520 3579
3521 3937	3521 3580
3522 3938	3522 3581
3523 3939	3523 3583
3524 3940	3524 3584
3525 3941	3525 3585
3526 3942	3526 3587
3527 3943	3527 3588
3528 3944	3528 3589
3529 3945	3529 3591
3530 3946	3530 3592
3531 3947	3531 3593
3532 3948	3532 3595
3533 3949	3533 3596
3535 3950	3535 3597
3536 3951	3536 3599
3537 3952	3537 3600
3538 3953	3538 3601
3539 3954	3539 3603
3540 3955	3540 3604
3541 3956	3541 3605
3542 3957	3542 3607
3543 3958	3543 3608
3544 3959	3544 3609
3545 3960	3545 3611
3546 3961	3546 3612
3547 3962	3547 3613
3548 3963	3548 3615
3549 3964	3549 3616
3550 3965	3550 3617
3551 3966	3551 3619
3552 3967	3552 3620
3553 3968	3553 3621
3554 3969	3554 3623
3555 3970	3555 3624
3556 3971	3556 3625
3557 3972	3557 3627
3558 3973	3558 3628
3559 3974	3559 3630
3560 3975	3560 3631
3561 3976	3561 3632
3562 3977	3562 3634
3563 3978	3563 3635
3564 3979	3564 3636
3565 3980	3565 3638
3566 3981	3566 3639
3567 3982	3567 3640
3568 3983	3568 3642
3569 3984	3569 3643
3570 3985	3570 3645
3571 3986	3571 3646
3572 3987	3572 3647
3573 3988	3573 3649
3574 3989	3574 3650
3575 3990	3575 3651
3576 3991	3576 3653
3578 3992	3578 3654
3579 3993	3579 3656
3580 3994	3580 3657
3581 3995	3581 3658
3582 3996	3582 3660
3583 3997	3583 3661
3584 3998	3584 3662
3585 3999	3585 3664
3586 4000	3586 3665
3587 4001	3587 3667
3588 4003	3588 3669
3589 4004	3589 3671
3590 4005	3590 3672
3591 4006	3591 3673
3592 4007	3592 3675
3593 4008	3593 3676
3594 4009	3594 3678
3595 4010	3595 3679
3596 4011	3596 3680
3597 4012	3597 3682
3598 4013	3598 3683
3599 4014	3599 3685
3600 4015	3600 3686
3601 4016	3601 3687
3602 4017	3602 3689
3603 4018	3603 3690
3604 4019	3604 3692
3605 4020	3605 3693
3606 4021	3606 3694
3607 4022	3607 3696
3608 4023	3608 3697
3609 4024	3609 3699
3610 4025	3610 3700
3611 4026	3611 3702
3612 4027	3612 3703
3613 4028	3613 3704
3614 4029	3614 3706
3615 4030	3615 3707
3616 4031	3616 3709
3617 4032	3617 3710
3618 4033	3618 3711
3619 4034	3619 3713
3621 4035	3621 3714
3622 4036	3622 3716
3623 4037	3623 3717
3624 4038	3624 3719
3625 4039	3625 3720
3626 4040	3626 3721
3627 4041	3627 3723
3628 4042	3628 3724
3629 4043	3629 3726
3630 4044	3630 3727
3631 4045	3631 3729
3632 4046	3632 3730
3633 4047	3633 3731
3634 4048	3634 3733
3635 4049	3635 3734
3636 4050	3636 3736
3637 4051	3637 3737
3638 4052	3638 3739
3639 4053	3639 3740
3640 4054	3640 3742
3641 4055	3641 3743
3642 4056	3642 3744
3643 4057	3643 3746
3644 4058	3644 3747
3645 4059	3645 3749
3646 4060	3646 3750
3647 4061	3647 3752
3648 4062	3648 3753
3649 4063	3649 3755
3650 4064	3650 3756
3651 4065	3651 3757
3652 4066	3652 3759
3653 4067	3653 3760
3654 4068	3654 3762
3655 4069	3655 3763
3656 4070	3656 3765
3657 4071	3657 3766
3658 4072	3658 3768
3659 4073	3659 3769
3660 4074	3660 3771
3661 4075	3661 3772
3662 4076	3662 3774
3664 4077	3664 3775
3665 4078	3665 3776
3666 4079	3666 3778
3667 4080	3667 3779
3668 4081	3668 3781
3669 4082	3669 3782
3670 4083	3670 3784
3671 4084	3671 3785
3672 4085	3672 3787
3673 4086	3673 3788
3674 4087	3674 3790
3675 4088	3675 3791
3676 4089	3676 3793
3677 4090	3677 3794
3678 4091	3678 3796
3679 4092	3679 3797
3680 4093	3680 3799
3681 4094	3681 3800
3682 4095	3682 3802
3683 4095	3683 3802
3684 4095	3684 3802
3685 4095	3685 3802
3686 4095	3686 3802
3687 4095	3687 3802
3688 4095	3688 3802
3689 4095	3689 3802
3690 4095	3690 3802
3691 4095	3691 3802
3692 4095	3692 3802
3693 4095	3693 3802
3694 4095	3694 3802
3695 4095	3695 3802
3696 4095	3696 3802
3697 4095	3697 3802
3698 4095	3698 3802
3699 4095	3699 3802
3700 4095	3700 3802
3701 4095	3701 3802
3702 4095	3702 3802
3703 4095	3703 3802
3704 4095	3704 3802
3705 4095	3705 3802
3706 4095	3706 3802
3708 4095	3708 3802
3709 4095	3709 3802
3710 4095	3710 3802
3711 4095	3711 3802
3712 4095	3712 3802
3713 4095	3713 3802
3714 4095	3714 3802
3715 4095	3715 3802
3716 4095	3716 3802
3717 4095	3717 3802
3718 4095	3718 3802
3719 4095	3719 3802
3720 4095	3720 3802
3721 4095	3721 3802
3722 4095	3722 3802
3723 4095	3723 3802
3724 4095	3724 3802
3725 4095	3725 3802
3726 4095	3726 3802
3727 4095	3727 3802
3728 4095	3728 3802
3729 4095	3729 3802
3730 4095	3730 3802
3731 4095	3731 3802
3732 4095	3732 3802
3733 4095	3733 3802
3734 4095	3734 3802
3735 4095	3735 3802
3736 4095	3736 3802
3737 4095	3737 3802
3738 4095	3738 3802
3739 4095	3739 3802
3740 4095	3740 3802
3741 4095	3741 3802
3742 4095	3742 3802
3743 4095	3743 3802
3744 4095	3744 3802
3745 4095	3745 3802
3746 4095	3746 3802
3747 4095	3747 3802
3748 4095	3748 3802
3749 4095	3749 3802
3751 4095	3751 3802
3752 4095	3752 3802
3753 4095	3753 3802
3754 4095	3754 3802
3755 4095	3755 3802
3756 4095	3756 3802
3757 4095	3757 3802
3758 4095	3758 3802
3759 4095	3759 3802
3760 4095	3760 3802
3761 4095	3761 3802
3762 4095	3762 3802
3763 4095	3763 3802
3764 4095	3764 3802
3765 4095	3765 3802
3766 4095	3766 3802
3767 4095	3767 3802
3768 4095	3768 3802
3769 4095	3769 3802
3770 4095	3770 3802
3771 4095	3771 3802
3772 4095	3772 3802
3773 4095	3773 3802
3774 4095	3774 3802
3775 4095	3775 3802
3776 4095	3776 3802
3777 4095	3777 3802
3778 4095	3778 3802
3779 4095	3779 3802
3780 4095	3780 3802
3781 4095	3781 3802
3782 4095	3782 3802
3783 4095	3783 3802
3784 4095	3784 3802
3785 4095	3785 3802
3786 4095	3786 3802
3787 4095	3787 3802
3788 4095	3788 3802
3789 4095	3789 3802
3790 4095	3790 3802
3791 4095	3791 3802
3792 4095	3792 3802
3794 4095	3794 3802
3795 4095	3795 3802
3796 4095	3796 3802
3797 4095	3797 3802
3798 4095	3798 3802
3799 4095	3799 3802
3800 4095	3800 3802
3801 4095	3801 3802
3802 4095	3802 3802
3803 4095	3803 3802
3804 4095	3804 3802
3805 4095	3805 3802
3806 4095	3806 3802
3807 4095	3807 3802
3808 4095	3808 3802
3809 4095	3809 3802
3810 4095	3810 3802
3811 4095	3811 3802
3812 4095	3812 3802
3813 4095	3813 3802
3814 4095	3814 3802
3815 4095	3815 3802
3816 4095	3816 3802
3817 4095	3817 3802
3818 4095	3818 3802
3819 4095	3819 3802
3820 4095	3820 3802
3821 4095	3821 3802
3822 4095	3822 3802
3823 4095	3823 3802
3824 4095	3824 3802
3825 4095	3825 3802
3826 4095	3826 3802
3827 4095	3827 3802
3828 4095	3828 3802
3829 4095	3829 3802
3830 4095	3830 3802
3831 4095	3831 3802
3832 4095	3832 3802
3833 4095	3833 3802
3834 4095	3834 3802
3835 4095	3835 3802
3837 4095	3837 3802
3838 4095	3838 3802
3839 4095	3839 3802
3840 4095	3840 3802
3841 4095	3841 3802
3842 4095	3842 3802
3843 4095	3843 3802
3844 4095	3844 3802
3845 4095	3845 3802
3846 4095	3846 3802
3847 4095	3847 3802
3848 4095	3848 3802
3849 4095	3849 3802
3850 4095	3850 3802
3851 4095	3851 3802
3852 4095	3852 3802
3853 4095	3853 3802
3854 4095	3854 3802
3855 4095	3855 3802
3856 4095	3856 3802
3857 4095	3857 3802
3858 4095	3858 3802
3859 4095	3859 3802
3860 4095	3860 3802
3861 4095	3861 3802
3862 4095	3862 3802
3863 4095	3863 3802
3864 4095	3864 3802
3865 4095	3865 3802
3866 4095	3866 3802
3867 4095	3867 3802
3868 4095	3868 3802
3869 4095	3869 3802
3870 4095	3870 3802
3871 4095	3871 3802
3872 4095	3872 3802
3873 4095	3873 3802
3874 4095	3874 3802
3875 4095	3875 3802
3876 4095	3876 3802
3877 4095	3877 3802
3878 4095	3878 3802
3880 4095	3880 3802
3881 4095	3881 3802
3882 4095	3882 3802
3883 4095	3883 3802
3884 4095	3884 3802
3885 4095	3885 3802
3886 4095	3886 3802
3887 4095	3887 3802
3888 4095	3888 3802
3889 4095	3889 3802
3890 4095	3890 3802
3891 4095	3891 3802
3892 4095	3892 3802
3893 4095	3893 3802
3894 4095	3894 3802
3895 4095	3895 3802
3896 4095	3896 3802
3897 4095	3897 3802
3898 4095	3898 3802
3899 4095	3899 3802
3900 4095	3900 3802
3901 4095	3901 3802
3902 4095	3902 3802
3903 4095	3903 3802
3904 4095	3904 3802
3905 4095	3905 3802
3906 4095	3906 3802
3907 4095	3907 3802
3908 4095	3908 3802
3909 4095	3909 3802
3910 4095	3910 3802
3911 4095	3911 3802
3912 4095	3912 3802
3913 4095	3913 3802
3914 4095	3914 3802
3915 4095	3915 3802
3916 4095	3916 3802
3917 4095	3917 3802
3918 4095	3918 3802
3919 4095	3919 3802
3920 4095	3920 3802
3921 4095	3921 3802
3923 4095	3923 3802
3924 4095	3924 3802
3925 4095	3925 3802
3926 4095	3926 3802
3927 4095	3927 3802
3928 4095	3928 3802
3929 4095	3929 3802
3930 4095	3930 3802
3931 4095	3931 3802
3932 4095	3932 3802
3933 4095	3933 3802
3934 4095	3934 3802
3935 4095	3935 3802
3936 4095	3936 3802
3937 4095	3937 3802
3938 4095	3938 3802
3939 4095	3939 3802
3940 4095	3940 3802
3941 4095	3941 3802
3942 4095	3942 3802
3943 4095	3943 3802
3944 4095	3944 3802
3945 4095	3945 3802
3946 4095	3946 3802
3947 4095	3947 3802
3948 4095	3948 3802
3949 4095	3949 3802
3950 4095	3950 3802
3951 4095	3951 3802
3952 4095	3952 3802
3953 4095	3953 3802
3954 4095	3954 3802
3955 4095	3955 3802
3956 4095	3956 3802
3957 4095	3957 3802
3958 4095	3958 3802
3959 4095	3959 3802
3960 4095	3960 3802
3961 4095	3961 3802
3962 4095	3962 3802
3963 4095	3963 3802
3964 4095	3964 3802
3966 4095	3966 3802
3967 4095	3967 3802
3968 4095	3968 3802
3969 4095	3969 3802
3970 4095	3970 3802
3971 4095	3971 3802
3972 4095	3972 3802
3973 4095	3973 3802
3974 4095	3974 3802
3975 4095	3975 3802
3976 4095	3976 3802
3977 4095	3977 3802
3978 4095	3978 3802
3979 4095	3979 3802
3980 4095	3980 3802
3981 4095	3981 3802
3982 4095	3982 3802
3983 4095	3983 3802
3984 4095	3984 3802
3985 4095	3985 3802
3986 4095	3986 3802
3987 4095	3987 3802
3988 4095	3988 3802
3989 4095	3989 3802
3990 4095	3990 3802
3991 4095	3991 3802
3992 4095	3992 3802
3993 4095	3993 3802
3994 4095	3994 3802
3995 4095	3995 3802
3996 4095	3996 3802
3997 4095	3997 3802
3998 4095	3998 3802
3999 4095	3999 3802
4000 4095	4000 3802
4001 4095	4001 3802
4002 4095	4002 3802
4003 4095	4003 3802
4004 4095	4004 3802
4005 4095	4005 3802
4006 4095	4006 3802
4007 4095	4007 3802
4009 4095	4009 3802
4010 4095	4010 3802
4011 4095	4011 3802
4012 4095	4012 3802
