81 128
82 129
83 129
84 130
85 131
87 132
88 133
89 134
90 134
91 136
92 137
93 137
94 138
95 139
96 140
97 141
98 142
99 142
100 143
101 144
102 145
103 146
104 147
105 148
106 149
107 149
108 150
109 151
110 152
111 153
112 154
113 154
114 156
115 157
116 157
117 158
118 159
119 160
120 161
121 162
122 162
123 163
124 164
125 165
126 166
127 167
128 168
130 169
131 169
132 170
133 171
134 172
135 173
136 174
137 174
138 176
139 177
140 177
141 178
142 179
143 180
144 181
145 182
146 182
147 183
148 185
149 185
150 186
151 187
152 188
153 189
154 190
155 190
156 191
157 192
158 193
159 194
160 195
161 196
162 197
163 198
164 198
165 199
166 200
167 201
168 202
169 203
170 203
171 205
173 205
174 206
175 207
176 208
177 209
178 210
179 211
180 211
181 213
182 213
183 214
184 215
185 216
186 217
187 218
188 219
189 219
190 221
191 221
192 222
193 223
194 224
195 225
196 226
197 227
198 227
199 229
200 229
201 230
202 231
203 232
204 233
205 234
206 235
207 235
208 237
209 237
210 238
211 239
212 240
213 241
214 242
216 243
217 243
218 244
219 246
220 246
221 247
222 248
223 249
224 250
225 251
226 251
227 252
228 254
229 254
230 255
231 256
232 257
233 258
234 259
235 259
236 260
237 262
238 262
239 263
240 264
241 265
242 266
243 267
244 268
245 268
246 270
247 271
248 271
249 272
250 273
251 274
252 275
253 276
254 276
255 277
256 279
257 279
259 280
260 281
261 282
262 283
263 284
264 285
265 285
266 287
267 288
268 288
269 289
270 290
271 291
272 292
273 293
274 293
275 295
276 296
277 296
278 297
279 298
280 299
281 300
282 301
283 302
284 303
285 304
286 305
287 305
288 306
289 308
290 308
291 309
292 310
293 311
294 312
295 313
296 314
297 314
298 316
299 317
300 317
302 318
303 319
304 320
305 321
306 322
307 322
308 324
309 325
310 325
311 326
312 327
313 328
314 329
315 330
316 331
317 331
318 333
319 334
320 334
321 335
322 337
323 337
324 338
325 339
326 340
327 341
328 342
329 343
330 344
331 344
332 346
333 347
334 347
335 348
336 350
337 350
338 351
339 352
340 353
341 354
342 355
343 356
345 356
346 357
347 359
348 359
349 360
350 361
351 362
352 363
353 364
354 365
355 365
356 367
357 368
358 368
359 369
360 371
361 371
362 372
363 373
364 374
365 375
366 376
367 377
368 378
369 378
370 380
371 381
372 381
373 382
374 384
375 384
376 385
377 386
378 387
379 388
380 389
381 390
382 390
383 391
384 393
385 394
386 394
388 395
389 397
390 397
391 398
392 399
393 400
394 401
395 402
396 403
397 403
398 404
399 406
400 407
401 407
402 408
403 410
404 410
405 411
406 412
407 413
408 414
409 415
410 416
411 417
412 417
413 419
414 420
415 420
416 421
417 423
418 423
419 424
420 425
421 426
422 427
423 428
424 429
425 430
426 430
427 432
428 433
429 433
430 434
432 436
433 437
434 437
435 438
436 439
437 440
438 441
439 442
440 443
441 444
442 445
443 446
444 447
445 447
446 449
447 450
448 451
449 451
450 452
451 454
452 454
453 455
454 456
455 457
456 458
457 459
458 460
459 461
460 462
461 463
462 464
463 465
464 465
465 467
466 468
467 468
468 469
469 470
470 472
471 472
472 473
473 474
475 475
476 476
477 477
478 478
479 479
480 480
481 481
482 482
483 482
484 483
485 485
486 486
487 486
488 487
489 488
490 490
491 490
492 491
493 492
494 493
495 494
496 495
497 496
498 497
499 498
500 499
501 500
502 501
503 501
504 503
505 504
506 504
507 505
508 507
509 508
510 508
511 509
512 510
513 512
514 512
515 513
516 514
518 515
519 516
520 517
521 518
522 519
523 520
524 521
525 522
526 523
527 523
528 525
529 526
530 527
531 527
532 528
533 530
534 531
535 531
536 532
537 533
538 535
539 535
540 536
541 537
542 538
543 539
544 540
545 541
546 542
547 543
548 544
549 545
550 546
551 546
552 548
553 549
554 550
555 550
556 552
557 553
558 554
559 554
561 555
562 557
563 558
564 558
565 559
566 560
567 562
568 562
569 563
570 564
571 565
572 566
573 567
574 568
575 569
576 570
577 571
578 572
579 573
580 574
581 575
582 576
583 577
584 578
585 578
586 580
587 581
588 582
589 582
590 583
591 585
592 586
593 586
594 587
595 589
596 590
597 590
598 591
599 592
600 594
601 595
602 595
604 596
605 597
606 599
607 599
608 600
609 601
610 602
611 603
612 604
613 605
614 606
615 607
616 608
617 609
618 610
619 611
620 612
621 613
622 614
623 615
624 616
625 617
626 618
627 619
628 620
629 620
630 622
631 623
632 624
633 624
634 626
635 627
636 628
637 629
638 629
639 631
640 632
641 633
642 633
643 634
644 636
645 637
647 637
648 638
649 639
650 641
651 642
652 642
653 643
654 644
655 646
656 646
657 647
658 648
659 650
660 651
661 651
662 652
663 653
664 655
665 655
666 656
667 657
668 658
669 660
670 660
671 661
672 662
673 663
674 664
675 665
676 666
677 667
678 669
679 669
680 670
681 671
682 672
683 673
684 674
685 675
686 676
687 677
688 678
690 679
691 680
692 681
693 682
694 683
695 684
696 685
697 686
698 687
699 688
700 689
701 690
702 691
703 692
704 693
705 694
706 695
707 696
708 697
709 698
710 699
711 700
712 701
713 702
714 703
715 704
716 705
717 706
718 707
719 708
720 709
721 710
722 711
723 712
724 713
725 714
726 715
727 716
728 717
729 718
730 719
731 720
733 721
734 722
735 723
736 724
737 725
738 726
739 727
740 728
741 729
742 730
743 731
744 732
745 733
746 734
747 735
748 736
749 737
750 738
751 739
752 740
753 741
754 742
755 743
756 744
757 745
758 746
759 747
760 748
761 749
762 751
763 751
764 752
765 753
766 754
767 756
768 756
769 757
770 758
771 759
772 761
773 761
774 762
776 763
777 764
778 766
779 766
780 767
781 768
782 769
783 771
784 772
785 772
786 773
787 774
788 776
789 777
790 777
791 778
792 779
793 781
794 782
795 782
796 783
797 784
798 786
799 787
800 787
801 788
802 790
803 791
804 792
805 793
806 793
807 795
808 796
809 797
810 798
811 798
812 800
813 801
814 802
815 803
816 803
817 805
818 806
820 807
821 808
822 809
823 810
824 811
825 812
826 813
827 814
828 815
829 816
830 817
831 818
832 819
833 820
834 821
835 822
836 823
837 824
838 826
839 826
840 827
841 828
842 829
843 831
844 831
845 832
846 833
847 835
848 836
849 837
850 837
851 838
852 840
853 841
854 842
855 842
856 843
857 845
858 846
859 847
860 848
861 848
863 850
864 851
865 852
866 853
867 854
868 855
869 856
870 857
871 858
872 859
873 860
874 861
875 862
876 863
877 864
878 866
879 866
880 867
881 868
882 869
883 871
884 871
885 872
886 873
887 874
888 876
889 877
890 877
891 878
892 879
893 881
894 882
895 883
896 883
897 884
898 886
899 887
900 888
901 889
902 889
903 891
904 892
906 893
907 894
908 895
909 896
910 897
911 898
912 899
913 900
914 901
915 902
916 903
917 904
918 905
919 907
920 908
921 908
922 909
923 910
924 912
925 913
926 914
927 914
928 915
929 917
930 918
931 919
932 920
933 920
934 922
935 923
936 924
937 925
938 926
939 927
940 928
941 929
942 930
943 931
944 933
945 933
946 934
947 935
949 936
950 938
951 939
952 939
953 940
954 941
955 943
956 944
957 945
958 945
959 946
960 948
961 949
962 950
963 951
964 952
965 953
966 954
967 955
968 956
969 957
970 958
971 959
972 960
973 961
974 962
975 964
976 965
977 965
978 966
979 967
980 969
981 970
982 971
983 971
984 972
985 974
986 975
987 976
988 977
989 978
990 979
992 980
993 981
994 982
995 983
996 985
997 985
998 986
999 987
1000 988
1001 990
1002 991
1003 991
1004 992
1005 993
1006 995
1007 996
1008 997
1009 998
1010 998
1011 1000
1012 1001
1013 1002
1014 1003
1015 1004
1016 1005
1017 1006
1018 1007
1019 1008
1020 1009
1021 1011
1022 1012
1023 1012
1024 1013
1025 1014
1026 1016
1027 1017
1028 1018
1029 1019
1030 1019
1031 1021
1032 1022
1033 1023
1035 1024
1036 1025
1037 1026
1038 1027
1039 1028
1040 1029
1041 1030
1042 1031
1043 1033
1044 1033
1045 1034
1046 1035
1047 1036
1048 1038
1049 1039
1050 1040
1051 1040
1052 1041
1053 1043
1054 1044
1055 1045
1056 1046
1057 1047
1058 1048
1059 1049
1060 1050
1061 1051
1062 1052
1063 1054
1064 1054
1065 1055
1066 1056
1067 1057
1068 1059
1069 1060
1070 1061
1071 1061
1072 1062
1073 1064
1074 1065
1075 1066
1076 1067
1078 1068
1079 1069
1080 1070
1081 1071
1082 1072
1083 1073
1084 1074
1085 1076
1086 1076
1087 1077
1088 1078
1089 1079
1090 1081
1091 1082
1092 1083
1093 1083
1094 1084
1095 1086
1096 1087
1097 1088
1098 1089
1099 1090
1100 1091
1101 1092
1102 1093
1103 1094
1104 1095
1105 1097
1106 1098
1107 1098
1108 1099
1109 1100
1110 1102
1111 1103
1112 1104
1113 1105
1114 1106
1115 1106
1116 1108
1117 1109
1118 1110
1119 1111
1121 1112
1122 1113
1123 1114
1124 1115
1125 1116
1126 1117
1127 1119
1128 1120
1129 1121
1130 1121
1131 1122
1132 1124
1133 1125
1134 1126
1135 1127
1136 1128
1137 1129
1138 1130
1139 1131
1140 1132
1141 1133
1142 1134
1143 1136
1144 1136
1145 1137
1146 1138
1147 1139
1148 1141
1149 1142
1150 1143
1151 1144
1152 1144
1153 1146
1154 1147
1155 1148
1156 1149
1157 1150
1158 1152
1159 1152
1160 1153
1161 1154
1162 1155
1164 1157
1165 1158
1166 1159
1167 1160
1168 1160
1169 1161
1170 1163
1171 1164
1172 1165
1173 1166
1174 1167
1175 1168
1176 1169
1177 1170
1178 1171
1179 1172
1180 1174
1181 1175
1182 1176
1183 1176
1184 1177
1185 1178
1186 1180
1187 1181
1188 1182
1189 1183
1190 1184
1191 1185
1192 1186
1193 1187
1194 1188
1195 1189
1196 1191
1197 1192
1198 1192
1199 1193
1200 1194
1201 1196
1202 1197
1203 1198
1204 1199
1205 1200
1207 1200
1208 1202
1209 1203
1210 1204
1211 1205
1212 1206
1213 1208
1214 1208
1215 1209
1216 1210
1217 1211
1218 1213
1219 1214
1220 1215
1221 1216
1222 1216
1223 1217
1224 1219
1225 1220
1226 1221
1227 1222
1228 1223
1229 1225
1230 1225
1231 1226
1232 1227
1233 1228
1234 1230
1235 1231
1236 1232
1237 1233
1238 1233
1239 1234
1240 1236
1241 1237
1242 1238
1243 1239
1244 1240
1245 1241
1246 1242
1247 1243
1248 1244
1249 1245
1251 1247
1252 1248
1253 1249
1254 1250
1255 1250
1256 1251
1257 1253
1258 1254
1259 1255
1260 1256
1261 1257
1262 1258
1263 1259
1264 1260
1265 1261
1266 1262
1267 1264
1268 1265
1269 1266
1270 1266
1271 1267
1272 1268
1273 1270
1274 1271
1275 1272
1276 1273
1277 1274
1278 1275
1279 1276
1280 1277
1281 1278
1282 1279
1283 1281
1284 1282
1285 1283
1286 1283
1287 1284
1288 1285
1289 1287
1290 1288
1291 1289
1292 1290
1294 1291
1295 1292
1296 1293
1297 1294
1298 1295
1299 1296
1300 1297
1301 1299
1302 1300
1303 1301
1304 1301
1305 1302
1306 1304
1307 1305
1308 1306
1309 1307
1310 1308
1311 1309
1312 1310
1313 1311
1314 1312
1315 1313
1316 1314
1317 1316
1318 1317
1319 1318
1320 1318
1321 1319
1322 1320
1323 1322
1324 1323
1325 1324
1326 1325
1327 1326
1328 1327
1329 1328
1330 1329
1331 1330
1332 1331
1333 1333
1334 1334
1335 1335
1337 1335
1338 1336
1339 1337
1340 1339
1341 1340
1342 1341
1343 1342
1344 1343
1345 1344
1346 1345
1347 1346
1348 1347
1349 1348
1350 1349
1351 1351
1352 1352
1353 1353
1354 1353
1355 1354
1356 1356
1357 1357
1358 1358
1359 1359
1360 1360
1361 1361
1362 1362
1363 1363
1364 1364
1365 1365
1366 1366
1367 1368
1368 1369
1369 1370
1370 1371
1371 1371
1372 1372
1373 1374
1374 1375
1375 1376
1376 1377
1377 1378
1378 1379
1380 1380
1381 1381
1382 1382
1383 1383
1384 1384
1385 1386
1386 1387
1387 1388
1388 1389
1389 1389
1390 1390
1391 1392
1392 1393
1393 1394
1394 1395
1395 1396
1396 1398
1397 1398
1398 1399
1399 1400
1400 1401
1401 1402
1402 1404
1403 1405
1404 1406
1405 1406
1406 1407
1407 1409
1408 1410
1409 1411
1410 1412
1411 1413
1412 1414
1413 1415
1414 1416
1415 1417
1416 1418
1417 1419
1418 1420
1419 1422
1420 1423
1421 1424
1423 1424
1424 1425
1425 1427
1426 1428
1427 1429
1428 1430
1429 1431
1430 1432
1431 1433
1432 1434
1433 1435
1434 1436
1435 1437
1436 1439
1437 1440
1438 1441
1439 1442
1440 1443
1441 1443
1442 1445
1443 1446
1444 1447
1445 1448
1446 1449
1447 1450
1448 1452
1449 1452
1450 1453
1451 1454
1452 1455
1453 1457
1454 1458
1455 1459
1456 1460
1457 1461
1458 1461
1459 1463
1460 1464
1461 1465
1462 1466
1463 1467
1464 1468
1466 1470
1467 1470
1468 1471
1469 1472
1470 1473
1471 1474
1472 1476
1473 1477
1474 1478
1475 1479
1476 1479
1477 1481
1478 1482
1479 1483
1480 1484
1481 1485
1482 1486
1483 1488
1484 1488
1485 1489
1486 1490
1487 1491
1488 1492
1489 1494
1490 1495
1491 1496
1492 1497
1493 1497
1494 1499
1495 1500
1496 1501
1497 1502
1498 1503
1499 1504
1500 1506
1501 1506
1502 1507
1503 1508
1504 1509
1505 1510
1506 1512
1507 1513
1509 1514
1510 1515
1511 1515
1512 1516
1513 1518
1514 1519
1515 1520
1516 1521
1517 1522
1518 1524
1519 1524
1520 1525
1521 1526
1522 1527
1523 1528
1524 1530
1525 1531
1526 1532
1527 1533
1528 1533
1529 1534
1530 1536
1531 1537
1532 1538
1533 1539
1534 1540
1535 1541
1536 1542
1537 1543
1538 1544
1539 1545
1540 1546
1541 1547
1542 1549
1543 1550
1544 1551
1545 1552
1546 1552
1547 1553
1548 1555
1549 1556
1550 1557
1552 1558
1553 1559
1554 1561
1555 1561
1556 1562
1557 1563
1558 1564
1559 1565
1560 1567
1561 1568
1562 1569
1563 1570
1564 1570
1565 1571
1566 1573
1567 1574
1568 1575
1569 1576
1570 1577
1571 1578
1572 1579
1573 1580
1574 1581
1575 1582
1576 1583
1577 1584
1578 1586
1579 1587
1580 1588
1581 1588
1582 1589
1583 1590
1584 1592
1585 1593
1586 1594
1587 1595
1588 1596
1589 1597
1590 1598
1591 1599
1592 1600
1593 1601
1595 1602
1596 1603
1597 1605
1598 1606
1599 1606
1600 1607
1601 1608
1602 1609
1603 1611
1604 1612
1605 1613
1606 1614
1607 1615
1608 1615
1609 1617
1610 1618
1611 1619
1612 1620
1613 1621
1614 1622
1615 1624
1616 1624
1617 1625
1618 1626
1619 1627
1620 1628
1621 1630
1622 1631
1623 1632
1624 1633
1625 1633
1626 1634
1627 1636
1628 1637
1629 1638
1630 1639
1631 1640
1632 1641
1633 1642
1634 1643
1635 1644
1636 1645
1637 1646
1639 1647
1640 1649
1641 1650
1642 1651
1643 1651
1644 1652
1645 1653
1646 1655
1647 1656
1648 1657
1649 1658
1650 1659
1651 1660
1652 1661
1653 1662
1654 1663
1655 1664
1656 1665
1657 1666
1658 1668
1659 1669
1660 1669
1661 1670
1662 1671
1663 1672
1664 1674
1665 1675
1666 1676
1667 1677
1668 1678
1669 1678
1670 1680
1671 1681
1672 1682
1673 1683
1674 1684
1675 1685
1676 1687
1677 1687
1678 1688
1679 1689
1680 1690
1682 1691
1683 1693
1684 1694
1685 1695
1686 1695
1687 1696
1688 1697
1689 1698
1690 1700
1691 1701
1692 1702
1693 1703
1694 1704
1695 1704
1696 1706
1697 1707
1698 1708
1699 1709
1700 1710
1701 1711
1702 1713
1703 1713
1704 1714
1705 1715
1706 1716
1707 1717
1708 1719
1709 1720
1710 1721
1711 1722
1712 1722
1713 1723
1714 1725
1715 1726
1716 1727
1717 1728
1718 1729
1719 1730
1720 1731
1721 1732
1722 1733
1723 1734
1725 1735
1726 1736
1727 1737
1728 1739
1729 1739
1730 1740
1731 1741
1732 1742
1733 1743
1734 1745
1735 1746
1736 1747
1737 1748
1738 1748
1739 1749
1740 1751
1741 1752
1742 1753
1743 1754
1744 1755
1745 1756
1746 1757
1747 1758
1748 1759
1749 1760
1750 1761
1751 1762
1752 1763
1753 1765
1754 1765
1755 1766
1756 1767
1757 1768
1758 1769
1759 1771
1760 1772
1761 1773
1762 1774
1763 1774
1764 1775
1765 1776
1766 1778
1768 1779
1769 1780
1770 1781
1771 1782
1772 1783
1773 1784
1774 1785
1775 1786
1776 1787
1777 1788
1778 1789
1779 1791
1780 1791
1781 1792
1782 1793
1783 1794
1784 1795
1785 1796
1786 1798
1787 1799
1788 1800
1789 1800
1790 1801
1791 1802
1792 1804
1793 1805
1794 1806
1795 1807
1796 1808
1797 1808
1798 1810
1799 1811
1800 1812
1801 1813
1802 1814
1803 1815
1804 1816
1805 1817
1806 1818
1807 1819
1808 1820
1809 1821
1811 1822
1812 1824
1813 1825
1814 1825
1815 1826
1816 1827
1817 1828
1818 1829
1819 1831
1820 1832
1821 1833
1822 1834
1823 1834
1824 1835
1825 1837
1826 1838
1827 1839
1828 1840
1829 1841
1830 1842
1831 1842
1832 1844
1833 1845
1834 1846
1835 1847
1836 1848
1837 1849
1838 1850
1839 1851
1840 1852
1841 1853
1842 1854
1843 1855
1844 1856
1845 1858
1846 1859
1847 1859
1848 1860
1849 1861
1850 1862
1851 1864
1852 1865
1854 1866
1855 1867
1856 1867
1857 1868
1858 1869
1859 1871
1860 1872
1861 1873
1862 1874
1863 1875
1864 1875
1865 1876
1866 1878
1867 1879
1868 1880
1869 1881
1870 1882
1871 1883
1872 1884
1873 1885
1874 1886
1875 1887
1876 1888
1877 1889
1878 1890
1879 1892
1880 1892
1881 1893
1882 1894
1883 1895
1884 1896
1885 1897
1886 1899
1887 1900
1888 1900
1889 1901
1890 1902
1891 1903
1892 1905
1893 1906
1894 1907
1895 1908
1897 1908
1898 1909
1899 1910
1900 1912
1901 1913
1902 1914
1903 1915
1904 1916
1905 1916
1906 1917
1907 1919
1908 1920
1909 1921
1910 1922
1911 1923
1912 1924
1913 1924
1914 1926
1915 1927
1916 1928
1917 1929
1918 1930
1919 1931
1920 1932
1921 1933
1922 1934
1923 1935
1924 1936
1925 1937
1926 1938
1927 1940
1928 1941
1929 1941
1930 1942
1931 1943
1932 1944
1933 1945
1934 1947
1935 1948
1936 1949
1937 1949
1938 1950
1940 1951
1941 1952
1942 1954
1943 1955
1944 1956
1945 1957
1946 1957
1947 1958
1948 1959
1949 1961
1950 1962
1951 1963
1952 1964
1953 1964
1954 1965
1955 1966
1956 1968
1957 1969
1958 1970
1959 1971
1960 1972
1961 1972
1962 1974
1963 1975
1964 1976
1965 1977
1966 1978
1967 1979
1968 1980
1969 1981
1970 1982
1971 1983
1972 1984
1973 1985
1974 1986
1975 1987
1976 1988
1977 1989
1978 1990
1979 1991
1980 1992
1981 1993
1983 1994
1984 1996
1985 1996
1986 1997
1987 1998
1988 1999
1989 2000
1990 2001
1991 2003
1992 2004
1993 2004
1994 2005
1995 2006
1996 2007
1997 2008
1998 2010
1999 2011
2000 2012
2001 2012
2002 2013
2003 2014
2004 2015
2005 2017
2006 2018
2007 2019
2008 2019
2009 2020
2010 2021
2011 2022
2012 2023
2013 2025
2014 2026
2015 2027
2016 2027
2017 2028
2018 2029
2019 2030
2020 2032
2021 2033
2022 2034
2023 2035
2024 2035
2026 2036
2027 2037
2028 2039
2029 2040
2030 2041
2031 2042
2032 2042
2033 2043
2034 2044
2035 2046
2036 2047
2037 2048
2038 2049
2039 2050
2040 2050
2041 2051
2042 2053
2043 2054
2044 2055
2045 2056
2046 2057
2047 2058
2048 2058
2049 2060
2050 2061
2051 2062
2052 2063
2053 2064
2054 2065
2055 2065
2056 2066
2057 2068
2058 2069
2059 2070
2060 2071
2061 2072
2062 2073
2063 2073
2064 2075
2065 2076
2066 2077
2067 2078
2068 2079
2070 2080
2071 2081
2072 2082
2073 2083
2074 2084
2075 2085
2076 2086
2077 2087
2078 2088
2079 2089
2080 2090
2081 2091
2082 2092
2083 2093
2084 2094
2085 2095
2086 2096
2087 2097
2088 2098
2089 2099
2090 2100
2091 2101
2092 2102
2093 2103
2094 2104
2095 2105
2096 2106
2097 2107
2098 2108
2099 2109
2100 2110
2101 2111
2102 2112
2103 2113
2104 2114
2105 2115
2106 2116
2107 2117
2108 2118
2109 2119
2110 2120
2111 2121
2113 2122
2114 2123
2115 2124
2116 2125
2117 2126
2118 2127
2119 2128
2120 2129
2121 2130
2122 2131
2123 2132
2124 2133
2125 2134
2126 2135
2127 2136
2128 2137
2129 2138
2130 2139
2131 2140
2132 2140
2133 2142
2134 2143
2135 2144
2136 2145
2137 2146
2138 2147
2139 2148
2140 2149
2141 2150
2142 2151
2143 2152
2144 2153
2145 2154
2146 2155
2147 2155
2148 2157
2149 2158
2150 2159
2151 2160
2152 2161
2153 2162
2154 2163
2156 2164
2157 2165
2158 2166
2159 2167
2160 2168
2161 2169
2162 2170
2163 2170
2164 2172
2165 2173
2166 2174
2167 2175
2168 2176
2169 2177
2170 2177
2171 2178
2172 2180
2173 2181
2174 2182
2175 2183
2176 2184
2177 2185
2178 2185
2179 2186
2180 2188
2181 2189
2182 2190
2183 2191
2184 2192
2185 2192
2186 2193
2187 2195
2188 2196
2189 2197
2190 2198
2191 2199
2192 2199
2193 2200
2194 2201
2195 2203
2196 2204
2197 2205
2199 2206
2200 2206
2201 2207
2202 2208
2203 2209
2204 2211
2205 2212
2206 2213
2207 2214
2208 2214
2209 2215
2210 2216
2211 2217
2212 2219
2213 2220
2214 2221
2215 2221
2216 2222
2217 2223
2218 2224
2219 2225
2220 2227
2221 2228
2222 2228
2223 2229
2224 2230
2225 2231
2226 2232
2227 2233
2228 2235
2229 2235
2230 2236
2231 2237
2232 2238
2233 2239
2234 2240
2235 2241
2236 2243
2237 2243
2238 2244
2239 2245
2240 2246
2242 2247
2243 2248
2244 2249
2245 2250
2246 2251
2247 2252
2248 2253
2249 2254
2250 2255
2251 2256
2252 2257
2253 2258
2254 2259
2255 2260
2256 2261
2257 2262
2258 2263
2259 2264
2260 2264
2261 2266
2262 2267
2263 2268
2264 2269
2265 2270
2266 2271
2267 2272
2268 2272
2269 2274
2270 2275
2271 2276
2272 2277
2273 2278
2274 2279
2275 2279
2276 2280
2277 2281
2278 2283
2279 2284
2280 2285
2281 2286
2282 2286
2283 2287
2285 2288
2286 2289
2287 2291
2288 2292
2289 2293
2290 2293
2291 2294
2292 2295
2293 2296
2294 2297
2295 2299
2296 2300
2297 2300
2298 2301
2299 2302
2300 2303
2301 2304
2302 2305
2303 2307
2304 2308
2305 2308
2306 2309
2307 2310
2308 2311
2309 2312
2310 2313
2311 2314
2312 2315
2313 2316
2314 2317
2315 2318
2316 2319
2317 2320
2318 2321
2319 2322
2320 2323
2321 2324
2322 2325
2323 2326
2324 2327
2325 2328
2326 2329
2328 2329
2329 2330
2330 2332
2331 2333
2332 2334
2333 2335
2334 2336
2335 2336
2336 2337
2337 2338
2338 2340
2339 2341
2340 2342
2341 2343
2342 2344
2343 2344
2344 2345
2345 2346
2346 2347
2347 2349
2348 2350
2349 2351
2350 2351
2351 2352
2352 2353
2353 2354
2354 2355
2355 2356
2356 2358
2357 2358
2358 2359
2359 2360
2360 2361
2361 2362
2362 2363
2363 2364
2364 2365
2365 2366
2366 2367
2367 2368
2368 2369
2369 2370
2371 2371
2372 2372
2373 2372
2374 2374
2375 2375
2376 2376
2377 2377
2378 2378
2379 2379
2380 2380
2381 2380
2382 2381
2383 2383
2384 2384
2385 2385
2386 2386
2387 2387
2388 2387
2389 2388
2390 2389
2391 2390
2392 2392
2393 2393
2394 2394
2395 2394
2396 2395
2397 2396
2398 2397
2399 2398
2400 2399
2401 2401
2402 2402
2403 2402
2404 2403
2405 2404
2406 2405
2407 2406
2408 2407
2409 2408
2410 2409
2411 2410
2412 2411
2414 2412
2415 2413
2416 2414
2417 2415
2418 2416
2419 2416
2420 2418
2421 2419
2422 2420
2423 2421
2424 2422
2425 2423
2426 2424
2427 2424
2428 2425
2429 2427
2430 2428
2431 2429
2432 2430
2433 2431
2434 2431
2435 2432
2436 2433
2437 2434
2438 2436
2439 2437
2440 2438
2441 2438
2442 2439
2443 2440
2444 2441
2445 2442
2446 2443
2447 2445
2448 2446
2449 2446
2450 2447
2451 2448
2452 2449
2453 2450
2454 2451
2455 2452
2457 2453
2458 2454
2459 2455
2460 2456
2461 2457
2462 2458
2463 2459
2464 2460
2465 2461
2466 2461
2467 2463
2468 2464
2469 2465
2470 2466
2471 2467
2472 2468
2473 2468
2474 2469
2475 2470
2476 2472
2477 2473
2478 2474
2479 2475
2480 2476
2481 2476
2482 2477
2483 2478
2484 2479
2485 2480
2486 2482
2487 2483
2488 2483
2489 2484
2490 2485
2491 2486
2492 2487
2493 2488
2494 2489
2495 2491
2496 2491
2497 2492
2498 2493
2499 2494
2501 2495
2502 2496
2503 2497
2504 2498
2505 2498
2506 2500
2507 2501
2508 2502
2509 2503
2510 2504
2511 2505
2512 2506
2513 2506
2514 2507
2515 2508
2516 2510
2517 2511
2518 2512
2519 2513
2520 2514
2521 2514
2522 2515
2523 2516
2524 2517
2525 2519
2526 2520
2527 2521
2528 2522
2529 2522
2530 2523
2531 2524
2532 2525
2533 2526
2534 2527
2535 2529
2536 2529
2537 2530
2538 2531
2539 2532
2540 2533
2541 2534
2542 2535
2544 2536
2545 2537
2546 2538
2547 2539
2548 2540
2549 2541
2550 2542
2551 2543
2552 2544
2553 2545
2554 2545
2555 2546
2556 2548
2557 2549
2558 2550
2559 2551
2560 2552
2561 2553
2562 2553
2563 2554
2564 2555
2565 2556
2566 2558
2567 2559
2568 2560
2569 2561
2570 2561
2571 2562
2572 2563
2573 2564
2574 2565
2575 2566
2576 2568
2577 2569
2578 2569
2579 2570
2580 2571
2581 2572
2582 2573
2583 2574
2584 2575
2585 2576
2587 2577
2588 2578
2589 2579
2590 2580
2591 2581
2592 2582
2593 2583
2594 2584
2595 2585
2596 2586
2597 2586
2598 2588
2599 2589
2600 2590
2601 2591
2602 2592
2603 2593
2604 2594
2605 2594
2606 2595
2607 2596
2608 2597
2609 2599
2610 2600
2611 2601
2612 2602
2613 2603
2614 2603
2615 2604
2616 2605
2617 2606
2618 2607
2619 2609
2620 2610
2621 2611
2622 2611
2623 2612
2624 2613
2625 2614
2626 2615
2627 2616
2628 2617
2630 2618
2631 2620
2632 2620
2633 2621
2634 2622
2635 2623
2636 2624
2637 2625
2638 2626
2639 2627
2640 2628
2641 2629
2642 2630
2643 2631
2644 2632
2645 2633
2646 2634
2647 2635
2648 2636
2649 2637
2650 2637
2651 2638
2652 2640
2653 2641
2654 2642
2655 2643
2656 2644
2657 2645
2658 2646
2659 2646
2660 2647
2661 2648
2662 2649
2663 2651
2664 2652
2665 2653
2666 2654
2667 2655
2668 2656
2669 2656
2670 2657
2671 2658
2673 2659
2674 2660
2675 2661
2676 2663
2677 2664
2678 2665
2679 2665
2680 2666
2681 2667
2682 2668
2683 2669
2684 2670
2685 2671
2686 2672
2687 2674
2688 2674
2689 2675
2690 2676
2691 2677
2692 2678
2693 2679
2694 2680
2695 2681
2696 2682
2697 2683
2698 2684
2699 2685
2700 2686
2701 2687
2702 2688
2703 2689
2704 2690
2705 2691
2706 2692
2707 2693
2708 2694
2709 2694
2710 2696
2711 2697
2712 2698
2713 2699
2714 2700
2716 2701
2717 2702
2718 2703
2719 2704
2720 2704
2721 2705
2722 2707
2723 2708
2724 2709
2725 2710
2726 2711
2727 2712
2728 2713
2729 2714
2730 2714
2731 2715
2732 2716
2733 2717
2734 2719
2735 2720
2736 2721
2737 2722
2738 2723
2739 2724
2740 2724
2741 2725
2742 2726
2743 2727
2744 2728
2745 2729
2746 2731
2747 2732
2748 2733
2749 2734
2750 2735
2751 2735
2752 2736
2753 2737
2754 2738
2755 2739
2756 2740
2757 2741
2759 2743
2760 2744
2761 2745
2762 2746
2763 2746
2764 2747
2765 2748
2766 2749
2767 2750
2768 2751
2769 2752
2770 2753
2771 2755
2772 2756
2773 2757
2774 2758
2775 2758
2776 2759
2777 2760
2778 2761
2779 2762
2780 2763
2781 2764
2782 2765
2783 2767
2784 2768
2785 2769
2786 2770
2787 2770
2788 2771
2789 2772
2790 2773
2791 2774
2792 2775
2793 2776
2794 2777
2795 2778
2796 2780
2797 2781
2798 2782
2799 2782
2800 2783
2802 2784
2803 2785
2804 2786
2805 2787
2806 2788
2807 2789
2808 2790
2809 2791
2810 2793
2811 2794
2812 2795
2813 2795
2814 2796
2815 2797
2816 2798
2817 2799
2818 2800
2819 2801
2820 2802
2821 2803
2822 2805
2823 2806
2824 2807
2825 2808
2826 2808
2827 2809
2828 2810
2829 2811
2830 2812
2831 2813
2832 2814
2833 2815
2834 2816
2835 2818
2836 2819
2837 2820
2838 2821
2839 2822
2840 2822
2841 2823
2842 2824
2843 2825
2845 2826
2846 2827
2847 2828
2848 2829
2849 2830
2850 2832
2851 2833
2852 2834
2853 2835
2854 2836
2855 2837
2856 2838
2857 2838
2858 2839
2859 2840
2860 2841
2861 2842
2862 2843
2863 2845
2864 2846
2865 2847
2866 2848
2867 2849
2868 2850
2869 2851
2870 2852
2871 2853
2872 2854
2873 2854
2874 2855
2875 2856
2876 2857
2877 2859
2878 2860
2879 2861
2880 2862
2881 2863
2882 2864
2883 2865
2884 2866
2885 2867
2886 2868
2887 2869
2889 2870
2890 2871
2891 2872
2892 2873
2893 2874
2894 2875
2895 2876
2896 2877
2897 2878
2898 2879
2899 2880
2900 2881
2901 2882
2902 2883
2903 2884
2904 2885
2905 2886
2906 2888
2907 2889
2908 2890
2909 2891
2910 2892
2911 2892
2912 2893
2913 2894
2914 2895
2915 2896
2916 2897
2917 2898
2918 2899
2919 2900
2920 2902
2921 2903
2922 2904
2923 2905
2924 2906
2925 2907
2926 2908
2927 2909
2928 2910
2929 2911
2930 2912
2932 2913
2933 2914
2934 2915
2935 2916
2936 2917
2937 2918
2938 2919
2939 2920
2940 2921
2941 2922
2942 2923
2943 2924
2944 2925
2945 2926
2946 2927
2947 2928
2948 2929
2949 2930
2950 2931
2951 2933
2952 2934
2953 2935
2954 2936
2955 2937
2956 2938
2957 2939
2958 2940
2959 2941
2960 2942
2961 2943
2962 2944
2963 2945
2964 2946
2965 2947
2966 2948
2967 2949
2968 2950
2969 2951
2970 2952
2971 2953
2972 2954
2973 2955
2975 2956
2976 2957
2977 2958
2978 2959
2979 2960
2980 2961
2981 2962
2982 2963
2983 2965
2984 2966
2985 2967
2986 2968
2987 2969
2988 2970
2989 2971
2990 2972
2991 2973
2992 2974
2993 2975
2994 2976
2995 2977
2996 2978
2997 2979
2998 2980
2999 2982
3000 2983
3001 2984
3002 2985
3003 2986
3004 2987
3005 2988
3006 2989
3007 2990
3008 2991
3009 2992
3010 2993
3011 2994
3012 2995
3013 2996
3014 2997
3015 2999
3016 3000
3018 3001
3019 3002
3020 3003
3021 3004
3022 3005
3023 3006
3024 3007
3025 3008
3026 3009
3027 3010
3028 3011
3029 3012
3030 3013
3031 3014
3032 3015
3033 3017
3034 3018
3035 3019
3036 3020
3037 3021
3038 3022
3039 3023
3040 3024
3041 3025
3042 3026
3043 3027
3044 3028
3045 3029
3046 3030
3047 3031
3048 3032
3049 3033
3050 3035
3051 3036
3052 3037
3053 3038
3054 3039
3055 3040
3056 3041
3057 3042
3058 3043
3059 3044
3061 3045
3062 3046
3063 3047
3064 3048
3065 3049
3066 3050
3067 3051
3068 3053
3069 3054
3070 3055
3071 3056
3072 3057
3073 3058
3074 3059
3075 3060
3076 3061
3077 3062
3078 3063
3079 3064
3080 3065
3081 3066
3082 3067
3083 3068
3084 3069
3085 3070
3086 3072
3087 3073
3088 3074
3089 3075
3090 3076
3091 3077
3092 3078
3093 3079
3094 3080
3095 3081
3096 3082
3097 3083
3098 3085
3099 3086
3100 3087
3101 3088
3102 3089
3104 3090
3105 3091
3106 3093
3107 3094
3108 3095
3109 3096
3110 3097
3111 3098
3112 3099
3113 3100
3114 3101
3115 3102
3116 3103
3117 3104
3118 3105
3119 3106
3120 3107
3121 3108
3122 3109
3123 3110
3124 3111
3125 3113
3126 3115
3127 3116
3128 3117
3129 3118
3130 3119
3131 3120
3132 3121
3133 3122
3134 3123
3135 3124
3136 3125
3137 3126
3138 3127
3139 3128
3140 3129
3141 3130
3142 3131
3143 3132
3144 3133
3145 3135
3147 3137
3148 3138
3149 3139
3150 3140
3151 3141
3152 3142
3153 3143
3154 3144
3155 3145
3156 3146
3157 3147
3158 3148
3159 3149
3160 3150
3161 3151
3162 3152
3163 3153
3164 3154
3165 3156
3166 3157
3167 3159
3168 3160
3169 3161
3170 3162
3171 3163
3172 3164
3173 3165
3174 3166
3175 3167
3176 3168
3177 3169
3178 3170
3179 3172
3180 3173
3181 3174
3182 3175
3183 3176
3184 3177
3185 3178
3186 3179
3187 3180
3188 3182
3190 3183
3191 3184
3192 3185
3193 3187
3194 3188
3195 3189
3196 3190
3197 3191
3198 3192
3199 3193
3200 3194
3201 3195
3202 3196
3203 3197
3204 3198
3205 3200
3206 3201
3207 3202
3208 3203
3209 3204
3210 3205
3211 3206
3212 3208
3213 3209
3214 3210
3215 3211
3216 3213
3217 3214
3218 3215
3219 3216
3220 3217
3221 3218
3222 3219
3223 3220
3224 3221
3225 3222
3226 3224
3227 3225
3228 3226
3229 3227
3230 3228
3231 3229
3233 3230
3234 3231
3235 3232
3236 3235
3237 3236
3238 3237
3239 3238
3240 3239
3241 3240
3242 3241
3243 3242
3244 3243
3245 3244
3246 3246
3247 3247
3248 3248
3249 3249
3250 3250
3251 3251
3252 3252
3253 3253
3254 3254
3255 3256
3256 3257
3257 3258
3258 3259
3259 3260
3260 3261
3261 3263
3262 3264
3263 3266
3264 3267
3265 3268
3266 3269
3267 3270
3268 3271
3269 3272
3270 3273
3271 3275
3272 3276
3273 3277
3274 3278
3276 3279
3277 3280
3278 3281
3279 3282
3280 3284
3281 3285
3282 3286
3283 3287
3284 3288
3285 3289
3286 3290
3287 3292
3288 3294
3289 3295
3290 3296
3291 3297
3292 3298
3293 3299
3294 3301
3295 3302
3296 3303
3297 3304
3298 3305
3299 3306
3300 3307
3301 3309
3302 3310
3303 3311
3304 3312
3305 3313
3306 3314
3307 3315
3308 3317
3309 3318
3310 3319
3311 3320
3312 3321
3313 3322
3314 3324
3315 3325
3316 3327
3317 3328
3318 3329
3320 3330
3321 3332
3322 3333
3323 3334
3324 3335
3325 3336
3326 3337
3327 3339
3328 3340
3329 3341
3330 3342
3331 3343
3332 3344
3333 3346
3334 3347
3335 3348
3336 3349
3337 3350
3338 3351
3339 3353
3340 3354
3341 3355
3342 3356
3343 3357
3344 3358
3345 3360
3346 3361
3347 3363
3348 3364
3349 3365
3350 3367
3351 3368
3352 3369
3353 3370
3354 3371
3355 3373
3356 3374
3357 3375
3358 3376
3359 3377
3360 3378
3361 3380
3363 3381
3364 3382
3365 3383
3366 3384
3367 3386
3368 3387
3369 3388
3370 3389
3371 3390
3372 3392
3373 3393
3374 3394
3375 3395
3376 3396
3377 3398
3378 3399
3379 3400
3380 3401
3381 3404
3382 3405
3383 3406
3384 3407
3385 3408
3386 3410
3387 3411
3388 3412
3389 3413
3390 3414
3391 3416
3392 3417
3393 3418
3394 3419
3395 3420
3396 3422
3397 3423
3398 3424
3399 3425
3400 3427
3401 3428
3402 3429
3403 3430
3404 3431
3406 3433
3407 3434
3408 3435
3409 3436
3410 3438
3411 3439
3412 3440
3413 3441
3414 3442
3415 3444
3416 3445
3417 3446
3418 3447
3419 3450
3420 3451
3421 3452
3422 3453
3423 3455
3424 3456
3425 3457
3426 3458
3427 3460
3428 3461
3429 3462
3430 3463
3431 3465
3432 3466
3433 3467
3434 3468
3435 3470
3436 3471
3437 3472
3438 3473
3439 3475
3440 3476
3441 3477
3442 3478
3443 3480
3444 3481
3445 3482
3446 3483
3447 3485
3449 3486
3450 3487
3451 3488
3452 3490
3453 3491
3454 3492
3455 3493
3456 3495
3457 3496
3458 3497
3459 3498
3460 3500
3461 3501
3462 3504
3463 3505
3464 3506
3465 3507
3466 3509
3467 3510
3468 3511
3469 3512
3470 3514
3471 3515
3472 3516
3473 3518
3474 3519
3475 3520
3476 3521
3477 3523
3478 3524
3479 3525
3480 3527
3481 3528
3482 3529
3483 3530
3484 3532
3485 3533
3486 3534
3487 3536
3488 3537
3489 3538
3490 3539
3492 3541
3493 3542
3494 3543
3495 3545
3496 3546
3497 3547
3498 3548
3499 3550
3500 3551
3501 3552
3502 3554
3503 3555
3504 3556
3505 3558
3506 3559
3507 3560
3508 3562
3509 3563
3510 3564
3511 3565
3512 3567
3513 3568
3514 3569
3515 3572
3516 3573
3517 3575
3518 3576
3519 3577
3520 3579
3521 3580
3522 3581
3523 3583
3524 3584
3525 3585
3526 3587
3527 3588
3528 3589
3529 3591
3530 3592
3531 3593
3532 3595
3533 3596
3535 3597
3536 3599
3537 3600
3538 3601
3539 3603
3540 3604
3541 3605
3542 3607
3543 3608
3544 3609
3545 3611
3546 3612
3547 3613
3548 3615
3549 3616
3550 3617
3551 3619
3552 3620
3553 3621
3554 3623
3555 3624
3556 3625
3557 3627
3558 3628
3559 3630
3560 3631
3561 3632
3562 3634
3563 3635
3564 3636
3565 3638
3566 3639
3567 3640
3568 3642
3569 3643
3570 3645
3571 3646
3572 3647
3573 3649
3574 3650
3575 3651
3576 3653
3578 3654
3579 3656
3580 3657
3581 3658
3582 3660
3583 3661
3584 3662
3585 3664
3586 3665
3587 3667
3588 3669
3589 3671
3590 3672
3591 3673
3592 3675
3593 3676
3594 3678
3595 3679
3596 3680
3597 3682
3598 3683
3599 3685
3600 3686
3601 3687
3602 3689
3603 3690
3604 3692
3605 3693
3606 3694
3607 3696
3608 3697
3609 3699
3610 3700
3611 3702
3612 3703
3613 3704
3614 3706
3615 3707
3616 3709
3617 3710
3618 3711
3619 3713
3621 3714
3622 3716
3623 3717
3624 3719
3625 3720
3626 3721
3627 3723
3628 3724
3629 3726
3630 3727
3631 3729
3632 3730
3633 3731
3634 3733
3635 3734
3636 3736
3637 3737
3638 3739
3639 3740
3640 3742
3641 3743
3642 3744
3643 3746
3644 3747
3645 3749
3646 3750
3647 3752
3648 3753
3649 3755
3650 3756
3651 3757
3652 3759
3653 3760
3654 3762
3655 3763
3656 3765
3657 3766
3658 3768
3659 3769
3660 3771
3661 3772
3662 3774
3664 3775
3665 3776
3666 3778
3667 3779
3668 3781
3669 3782
3670 3784
3671 3785
3672 3787
3673 3788
3674 3790
3675 3791
3676 3793
3677 3794
3678 3796
3679 3797
3680 3799
3681 3800
3682 3802
3683 3802
3684 3802
3685 3802
3686 3802
3687 3802
3688 3802
3689 3802
3690 3802
3691 3802
3692 3802
3693 3802
3694 3802
3695 3802
3696 3802
3697 3802
3698 3802
3699 3802
3700 3802
3701 3802
3702 3802
3703 3802
3704 3802
3705 3802
3706 3802
3708 3802
3709 3802
3710 3802
3711 3802
3712 3802
3713 3802
3714 3802
3715 3802
3716 3802
3717 3802
3718 3802
3719 3802
3720 3802
3721 3802
3722 3802
3723 3802
3724 3802
3725 3802
3726 3802
3727 3802
3728 3802
3729 3802
3730 3802
3731 3802
3732 3802
3733 3802
3734 3802
3735 3802
3736 3802
3737 3802
3738 3802
3739 3802
3740 3802
3741 3802
3742 3802
3743 3802
3744 3802
3745 3802
3746 3802
3747 3802
3748 3802
3749 3802
3751 3802
3752 3802
3753 3802
3754 3802
3755 3802
3756 3802
3757 3802
3758 3802
3759 3802
3760 3802
3761 3802
3762 3802
3763 3802
3764 3802
3765 3802
3766 3802
3767 3802
3768 3802
3769 3802
3770 3802
3771 3802
3772 3802
3773 3802
3774 3802
3775 3802
3776 3802
3777 3802
3778 3802
3779 3802
3780 3802
3781 3802
3782 3802
3783 3802
3784 3802
3785 3802
3786 3802
3787 3802
3788 3802
3789 3802
3790 3802
3791 3802
3792 3802
3794 3802
3795 3802
3796 3802
3797 3802
3798 3802
3799 3802
3800 3802
3801 3802
3802 3802
3803 3802
3804 3802
3805 3802
3806 3802
3807 3802
3808 3802
3809 3802
3810 3802
3811 3802
3812 3802
3813 3802
3814 3802
3815 3802
3816 3802
3817 3802
3818 3802
3819 3802
3820 3802
3821 3802
3822 3802
3823 3802
3824 3802
3825 3802
3826 3802
3827 3802
3828 3802
3829 3802
3830 3802
3831 3802
3832 3802
3833 3802
3834 3802
3835 3802
3837 3802
3838 3802
3839 3802
3840 3802
3841 3802
3842 3802
3843 3802
3844 3802
3845 3802
3846 3802
3847 3802
3848 3802
3849 3802
3850 3802
3851 3802
3852 3802
3853 3802
3854 3802
3855 3802
3856 3802
3857 3802
3858 3802
3859 3802
3860 3802
3861 3802
3862 3802
3863 3802
3864 3802
3865 3802
3866 3802
3867 3802
3868 3802
3869 3802
3870 3802
3871 3802
3872 3802
3873 3802
3874 3802
3875 3802
3876 3802
3877 3802
3878 3802
3880 3802
3881 3802
3882 3802
3883 3802
3884 3802
3885 3802
3886 3802
3887 3802
3888 3802
3889 3802
3890 3802
3891 3802
3892 3802
3893 3802
3894 3802
3895 3802
3896 3802
3897 3802
3898 3802
3899 3802
3900 3802
3901 3802
3902 3802
3903 3802
3904 3802
3905 3802
3906 3802
3907 3802
3908 3802
3909 3802
3910 3802
3911 3802
3912 3802
3913 3802
3914 3802
3915 3802
3916 3802
3917 3802
3918 3802
3919 3802
3920 3802
3921 3802
3923 3802
3924 3802
3925 3802
3926 3802
3927 3802
3928 3802
3929 3802
3930 3802
3931 3802
3932 3802
3933 3802
3934 3802
3935 3802
3936 3802
3937 3802
3938 3802
3939 3802
3940 3802
3941 3802
3942 3802
3943 3802
3944 3802
3945 3802
3946 3802
3947 3802
3948 3802
3949 3802
3950 3802
3951 3802
3952 3802
3953 3802
3954 3802
3955 3802
3956 3802
3957 3802
3958 3802
3959 3802
3960 3802
3961 3802
3962 3802
3963 3802
3964 3802
3966 3802
3967 3802
3968 3802
3969 3802
3970 3802
3971 3802
3972 3802
3973 3802
3974 3802
3975 3802
3976 3802
3977 3802
3978 3802
3979 3802
3980 3802
3981 3802
3982 3802
3983 3802
3984 3802
3985 3802
3986 3802
3987 3802
3988 3802
3989 3802
3990 3802
3991 3802
3992 3802
3993 3802
3994 3802
3995 3802
3996 3802
3997 3802
3998 3802
3999 3802
4000 3802
4001 3802
4002 3802
4003 3802
4004 3802
4005 3802
4006 3802
4007 3802
4009 3802
4010 3802
4011 3802
4012 3802
