99 18
100 18
101 18
102 18
103 18
105 18
106 18
107 18
108 18
110 19
111 19
112 19
113 19
114 19
116 20
117 20
118 20
119 20
120 20
122 21
123 21
124 21
125 21
127 22
128 22
129 22
130 22
131 22
133 23
134 23
135 23
136 23
138 24
139 24
140 24
141 24
142 24
144 25
145 25
146 25
147 25
148 25
150 26
151 26
152 26
153 26
155 27
156 26
157 26
158 26
159 26
161 27
162 27
163 27
164 27
166 28
167 28
168 28
169 28
170 28
172 29
173 29
174 29
175 29
176 29
178 30
179 30
180 30
181 30
183 31
184 31
185 31
186 31
187 31
189 32
190 32
191 32
192 32
194 33
195 33
196 33
197 33
198 33
200 34
201 34
202 34
203 34
204 34
206 35
207 34
208 34
209 34
211 35
212 35
213 35
214 35
215 35
217 36
218 36
219 36
220 36
222 37
223 37
224 37
225 37
226 37
228 38
229 38
230 38
231 38
232 38
234 39
235 39
236 39
237 39
239 40
240 40
241 40
242 40
243 40
245 41
246 41
247 41
248 41
250 42
251 42
252 42
253 42
254 42
256 43
257 43
258 42
259 42
260 42
262 43
263 43
264 43
265 43
267 44
268 44
269 44
270 44
271 44
273 45
274 45
275 45
276 45
277 45
279 46
280 46
281 46
282 46
284 47
285 47
286 47
287 47
288 47
290 48
291 48
292 48
293 48
295 49
296 49
297 49
298 49
299 49
301 50
302 50
303 50
304 50
305 50
307 51
308 51
309 50
310 50
312 51
313 51
314 51
315 51
316 51
318 52
319 52
320 52
321 52
323 53
324 53
325 53
326 53
327 53
329 54
330 54
331 54
332 54
333 54
335 55
336 55
337 55
338 55
340 56
341 56
342 56
343 56
344 56
346 57
347 57
348 57
349 57
350 57
352 58
353 58
354 58
355 58
357 59
358 59
359 59
360 58
361 58
363 59
364 59
365 59
366 59
368 60
369 60
370 60
371 60
372 60
374 61
375 61
376 61
377 61
378 61
380 62
381 62
382 62
383 62
385 63
386 63
387 63
388 63
389 63
391 64
392 64
393 64
394 64
395 64
397 65
398 65
399 65
400 65
402 66
403 66
404 66
405 66
406 66
408 67
409 67
410 67
411 66
412 66
414 67
415 67
416 67
417 67
419 68
420 68
421 68
422 68
423 68
425 69
426 69
427 69
428 69
430 70
431 70
432 70
433 70
434 70
436 71
437 71
438 71
439 71
440 71
442 72
443 72
444 72
445 72
447 73
448 73
449 73
450 73
451 73
453 74
454 74
455 74
456 74
457 74
459 75
460 75
461 75
462 74
464 75
465 75
466 75
467 75
468 75
470 76
471 76
472 76
473 76
474 76
476 77
477 77
478 77
479 77
481 78
482 78
483 78
484 78
485 78
487 79
488 79
489 79
490 79
491 79
493 80
494 80
495 80
496 80
498 81
499 81
500 81
501 81
502 81
504 82
505 82
506 82
507 82
508 82
510 83
511 83
512 83
513 83
515 83
516 83
517 83
518 83
519 83
521 84
522 84
523 84
524 84
525 84
527 85
528 85
529 85
530 85
532 86
533 86
534 86
535 86
536 86
538 87
539 87
540 87
541 87
542 87
544 88
545 88
546 88
547 88
549 89
550 89
551 89
552 89
553 89
555 90
556 90
557 90
558 90
559 90
561 91
562 91
563 91
564 91
566 91
567 91
568 91
569 91
570 91
572 92
573 92
574 92
575 92
576 92
578 93
579 93
580 93
581 93
582 93
584 94
585 94
586 94
587 94
589 95
590 95
591 95
592 95
593 95
595 96
596 96
597 96
598 96
599 96
601 97
602 97
603 97
604 97
606 98
607 98
608 98
609 98
610 98
612 99
613 99
614 99
615 99
616 98
618 99
619 99
620 99
621 99
623 100
624 100
625 100
626 100
627 100
629 101
630 101
631 101
632 101
633 101
635 102
636 102
637 102
638 102
639 102
641 103
642 103
643 103
644 103
646 104
647 104
648 104
649 104
650 104
652 105
653 105
654 105
655 105
656 105
658 106
659 106
660 106
661 106
663 107
664 107
665 107
666 107
667 106
669 107
670 107
671 107
672 107
673 107
675 108
676 108
677 108
678 108
679 108
681 109
682 109
683 109
684 109
686 110
687 110
688 110
689 110
690 110
692 111
693 111
694 111
695 111
696 111
698 112
699 112
700 112
701 112
702 112
704 113
705 113
706 113
707 113
709 114
710 114
711 114
712 114
713 114
715 115
716 115
717 115
718 114
719 114
721 115
722 115
723 115
724 115
725 115
727 116
728 116
729 116
730 116
732 117
733 117
734 117
735 117
736 117
738 118
739 118
740 118
741 118
742 118
744 119
745 119
746 119
747 119
748 119
750 120
751 120
752 120
753 120
755 121
756 121
757 121
758 121
759 121
761 122
762 122
763 122
764 122
765 122
767 123
768 123
769 122
770 122
771 122
773 123
774 123
775 123
776 123
777 123
779 124
780 124
781 124
782 124
784 125
785 125
786 125
787 125
788 125
790 126
791 126
792 126
793 126
794 126
796 127
797 127
798 127
799 127
800 127
802 128
803 128
804 128
805 128
807 129
808 129
809 129
810 129
811 129
813 130
814 130
815 130
816 130
817 130
819 131
820 130
821 130
822 130
823 130
825 131
826 131
827 131
828 131
829 131
831 132
832 132
833 132
834 132
836 133
837 133
838 133
839 133
840 133
842 134
843 134
844 134
845 134
846 134
848 135
849 135
850 135
851 135
852 135
854 136
855 136
856 136
857 136
858 136
860 137
861 137
862 137
863 137
864 137
866 138
867 138
868 138
869 138
871 138
872 138
873 138
874 138
875 138
877 139
878 139
879 139
880 139
881 139
883 140
884 140
885 140
886 140
887 140
889 141
890 141
891 141
892 141
893 141
895 142
896 142
897 142
898 142
899 142
901 143
902 143
903 143
904 143
906 144
907 144
908 144
909 144
910 144
912 145
913 145
914 145
915 145
916 145
918 146
919 146
920 146
921 145
922 145
924 146
925 146
926 146
927 146
928 146
930 147
931 147
932 147
933 147
934 147
936 148
937 148
938 148
939 148
940 148
942 149
943 149
944 149
945 149
946 149
948 150
949 150
950 150
951 150
953 151
954 151
955 151
956 151
957 151
959 152
960 152
961 152
962 152
963 152
965 153
966 153
967 153
968 153
969 153
971 154
972 154
973 153
974 153
975 153
977 154
978 154
979 154
980 154
981 154
983 155
984 155
985 155
986 155
987 155
989 156
990 156
991 156
992 156
993 156
995 157
996 157
997 157
998 157
999 157
1001 158
1002 158
1003 158
1004 158
1006 159
1007 159
1008 159
1009 159
1010 159
1012 160
1013 160
1014 160
1015 160
1016 160
1018 161
1019 161
1020 161
1021 161
1022 161
1024 161
1025 161
1026 161
1027 161
1028 161
1030 162
1031 162
1032 162
1033 162
1034 162
1036 163
1037 163
1038 163
1039 163
1040 163
1042 164
1043 164
1044 164
1045 164
1046 164
1048 165
1049 165
1050 165
1051 165
1052 165
1054 166
1055 166
1056 166
1057 166
1058 166
1060 167
1061 167
1062 167
1063 167
1064 167
1066 168
1067 168
1068 168
1069 168
1070 168
1072 169
1073 169
1074 168
1075 168
1076 168
1078 169
1079 169
1080 169
1081 169
1082 169
1084 170
1085 170
1086 170
1087 170
1088 170
1090 171
1091 171
1092 171
1093 171
1094 171
1096 172
1097 172
1098 172
1099 172
1100 172
1102 173
1103 173
1104 173
1105 173
1106 173
1108 174
1109 174
1110 174
1111 174
1112 174
1114 175
1115 175
1116 175
1117 175
1118 175
1120 176
1121 176
1122 176
1123 176
1124 175
1126 176
1127 176
1128 176
1129 176
1130 176
1132 177
1133 177
1134 177
1135 177
1136 177
1138 178
1139 178
1140 178
1141 178
1142 178
1144 179
1145 179
1146 179
1147 179
1148 179
1150 180
1151 180
1152 180
1153 180
1154 180
1156 181
1157 181
1158 181
1159 181
1160 181
1162 182
1163 182
1164 182
1165 182
1166 182
1168 183
1169 183
1170 183
1171 183
1172 183
1174 184
1175 183
1176 183
1177 183
1178 183
1180 184
1181 184
1182 184
1183 184
1184 184
1186 185
1187 185
1188 185
1189 185
1190 185
1192 186
1193 186
1194 186
1195 186
1196 186
1198 187
1199 187
1200 187
1201 187
1202 187
1204 188
1205 188
1206 188
1207 188
1208 188
1210 189
1211 189
1212 189
1213 189
1214 189
1216 190
1217 190
1218 190
1219 190
1220 190
1222 191
1223 191
1224 191
1225 190
1226 190
1227 190
1229 191
1230 191
1231 191
1232 191
1233 191
1235 192
1236 192
1237 192
1238 192
1239 192
1241 193
1242 193
1243 193
1244 193
1245 193
1247 194
1248 194
1249 194
1250 194
1251 194
1253 195
1254 195
1255 195
1256 195
1257 195
1259 196
1260 196
1261 196
1262 196
1263 196
1265 197
1266 197
1267 197
1268 197
1269 197
1271 198
1272 198
1273 198
1274 198
1275 197
1277 198
1278 198
1279 198
1280 198
1281 198
1282 198
1284 199
1285 199
1286 199
1287 199
1288 199
1290 200
1291 200
1292 200
1293 200
1294 200
1296 201
1297 201
1298 201
1299 201
1300 201
1302 202
1303 202
1304 202
1305 202
1306 202
1308 203
1309 203
1310 203
1311 203
1312 203
1314 204
1315 204
1316 204
1317 204
1318 204
1319 204
1321 205
1322 205
1323 205
1324 205
1325 204
1327 205
1328 205
1329 205
1330 205
1331 205
1333 206
1334 206
1335 206
1336 206
1337 206
1339 207
1340 207
1341 207
1342 207
1343 207
1345 208
1346 208
1347 208
1348 208
1349 208
1350 208
1352 209
1353 209
1354 209
1355 209
1356 209
1358 210
1359 210
1360 210
1361 210
1362 210
1364 211
1365 211
1366 211
1367 211
1368 211
1370 212
1371 212
1372 212
1373 212
1374 212
1376 212
1377 212
1378 212
1379 212
1380 212
1381 212
1383 213
1384 213
1385 213
1386 213
1387 213
1389 214
1390 214
1391 214
1392 214
1393 214
1395 215
1396 215
1397 215
1398 215
1399 215
1400 215
1402 216
1403 216
1404 216
1405 216
1406 216
1408 217
1409 217
1410 217
1411 217
1412 217
1414 218
1415 218
1416 218
1417 218
1418 218
1420 219
1421 219
1422 219
1423 219
1424 219
1425 218
1427 219
1428 219
1429 219
1430 219
1431 219
1433 220
1434 220
1435 220
1436 220
1437 220
1439 221
1440 221
1441 221
1442 221
1443 221
1444 221
1446 222
1447 222
1448 222
1449 222
1450 222
1452 223
1453 223
1454 223
1455 223
1456 223
1458 224
1459 224
1460 224
1461 224
1462 224
1463 224
1465 225
1466 225
1467 225
1468 225
1469 225
1471 226
1472 226
1473 226
1474 226
1475 226
1477 226
1478 226
1479 226
1480 226
1481 226
1482 226
1484 227
1485 227
1486 227
1487 227
1488 227
1490 228
1491 228
1492 228
1493 228
1494 228
1496 229
1497 229
1498 229
1499 229
1500 229
1501 229
1503 230
1504 230
1505 230
1506 230
1507 230
1509 231
1510 231
1511 231
1512 231
1513 231
1515 232
1516 232
1517 232
1518 232
1519 232
1520 232
1522 233
1523 233
1524 233
1525 233
1526 232
1528 233
1529 233
1530 233
1531 233
1532 233
1533 233
1535 234
1536 234
1537 234
1538 234
1539 234
1541 235
1542 235
1543 235
1544 235
1545 235
1546 235
1548 236
1549 236
1550 236
1551 236
1552 236
1554 237
1555 237
1556 237
1557 237
1558 237
1559 237
1561 238
1562 238
1563 238
1564 238
1565 238
1567 239
1568 239
1569 239
1570 239
1571 239
1573 240
1574 240
1575 240
1576 239
1577 239
1578 239
1580 240
1581 240
1582 240
1583 240
1584 240
1586 241
1587 241
1588 241
1589 241
1590 241
1591 241
1593 242
1594 242
1595 242
1596 242
1597 242
1599 243
1600 243
1601 243
1602 243
1603 243
1604 243
1606 244
1607 244
1608 244
1609 244
1610 244
1612 245
1613 245
1614 245
1615 245
1616 245
1617 245
1619 246
1620 246
1621 246
1622 246
1623 246
1624 246
1626 246
1627 246
1628 246
1629 246
1630 246
1632 247
1633 247
1634 247
1635 247
1636 247
1637 247
1639 248
1640 248
1641 248
1642 248
1643 248
1645 249
1646 249
1647 249
1648 249
1649 249
1650 249
1652 250
1653 250
1654 250
1655 250
1656 250
1658 251
1659 251
1660 251
1661 251
1662 251
1663 251
1665 252
1666 252
1667 252
1668 252
1669 252
1670 252
1672 253
1673 253
1674 253
1675 252
1676 252
1678 253
1679 253
1680 253
1681 253
1682 253
1683 253
1685 254
1686 254
1687 254
1688 254
1689 254
1691 255
1692 255
1693 255
1694 255
1695 255
1696 255
1698 256
1699 256
1700 256
1701 256
1702 256
1703 256
1705 257
1706 257
1707 257
1708 257
1709 257
1711 258
1712 258
1713 258
1714 258
1715 258
1716 258
1718 259
1719 259
1720 259
1721 259
1722 259
1723 259
1725 259
1726 259
1727 259
1728 259
1729 259
1730 259
1732 260
1733 260
1734 260
1735 260
1736 260
1738 261
1739 261
1740 261
1741 261
1742 261
1743 261
1745 262
1746 262
1747 262
1748 262
1749 262
1750 262
1752 263
1753 263
1754 263
1755 263
1756 263
1758 264
1759 264
1760 264
1761 264
1762 264
1763 264
1765 265
1766 265
1767 265
1768 265
1769 265
1770 265
1772 266
1773 266
1774 265
1775 265
1776 265
1777 265
1779 266
1780 266
1781 266
1782 266
1783 266
1785 267
1786 267
1787 267
1788 267
1789 267
1790 267
1792 268
1793 268
1794 268
1795 268
1796 268
1797 268
1799 269
1800 269
1801 269
1802 269
1803 269
1804 269
1806 270
1807 270
1808 270
1809 270
1810 270
1811 270
1813 271
1814 271
1815 271
1816 271
1817 271
1818 271
1820 272
1821 272
1822 272
1823 271
1824 271
1826 272
1827 272
1828 272
1829 272
1830 272
1831 272
1833 273
1834 273
1835 273
1836 273
1837 273
1838 273
1840 274
1841 274
1842 274
1843 274
1844 274
1845 274
1847 275
1848 275
1849 275
1850 275
1851 275
1852 275
1854 276
1855 276
1856 276
1857 276
1858 276
1859 276
1861 277
1862 277
1863 277
1864 277
1865 277
1866 277
1868 278
1869 278
1870 278
1871 278
1872 277
1873 277
1875 278
1876 278
1877 278
1878 278
1879 278
1880 278
1882 279
1883 279
1884 279
1885 279
1886 279
1887 279
1889 280
1890 280
1891 280
1892 280
1893 280
1894 280
1896 281
1897 281
1898 281
1899 281
1900 281
1901 281
1903 282
1904 282
1905 282
1906 282
1907 282
1908 282
1910 283
1911 283
1912 283
1913 283
1914 283
1915 283
1917 284
1918 284
1919 284
1920 284
1921 284
1922 283
1924 284
1925 284
1926 284
1927 284
1928 284
1929 284
1931 285
1932 285
1933 285
1934 285
1935 285
1936 285
1938 286
1939 286
1940 286
1941 286
1942 286
1943 286
1945 287
1946 287
1947 287
1948 287
1949 287
1950 287
1952 288
1953 288
1954 288
1955 288
1956 288
1957 288
1959 289
1960 289
1961 289
1962 289
1963 289
1964 289
1966 290
1967 290
1968 290
1969 290
1970 290
1971 289
1973 290
1974 290
1975 290
1976 290
1977 290
1978 290
1979 290
1981 291
1982 291
1983 291
1984 291
1985 291
1986 291
1988 292
1989 292
1990 292
1991 292
1992 292
1993 292
1995 293
1996 293
1997 293
1998 293
1999 293
2000 293
2002 294
2003 294
2004 294
2005 294
2006 294
2007 294
2009 295
2010 295
2011 295
2012 295
2013 295
2014 295
2016 296
2017 296
2018 296
2019 296
2020 295
2021 295
2022 295
2024 296
2025 296
2026 296
2027 296
2028 296
2029 296
2031 297
2032 297
2033 297
2034 297
2035 297
2036 297
2038 298
2039 298
2040 298
2041 298
2042 298
2043 298
2044 298
2046 299
2047 299
2048 299
2049 299
2050 299
2051 299
2053 300
2054 300
2055 300
2056 300
2057 300
2058 300
2060 301
2061 301
2062 301
2063 301
2064 301
2065 301
2066 301
2068 302
2069 301
2070 301
2071 301
2072 301
2073 301
2075 302
2076 302
2077 302
2078 302
2079 302
2080 302
2082 303
2083 303
2084 303
2085 303
2086 303
2087 303
2088 303
2090 304
2091 304
2092 304
2093 304
2094 304
2095 304
2097 305
2098 305
2099 305
2100 305
2101 305
2102 305
2104 306
2105 306
2106 306
2107 306
2108 306
2109 306
2110 306
2112 307
2113 307
2114 307
2115 307
2116 307
2117 306
2119 307
2120 307
2121 307
2122 307
2123 307
2124 307
2125 307
2127 308
2128 308
2129 308
2130 308
2131 308
2132 308
2134 309
2135 309
2136 309
2137 309
2138 309
2139 309
2140 309
2142 310
2143 310
2144 310
2145 310
2146 310
2147 310
2149 311
2150 311
2151 311
2152 311
2153 311
2154 311
2155 311
2157 312
2158 312
2159 312
2160 312
2161 312
2162 312
2164 313
2165 313
2166 312
2167 312
2168 312
2169 312
2170 312
2172 313
2173 313
2174 313
2175 313
2176 313
2177 313
2178 313
2180 314
2181 314
2182 314
2183 314
2184 314
2185 314
2187 315
2188 315
2189 315
2190 315
2191 315
2192 315
2193 315
2195 316
2196 316
2197 316
2198 316
2199 316
2200 316
2201 316
2203 317
2204 317
2205 317
2206 317
2207 317
2208 317
2210 318
2211 318
2212 318
2213 318
2214 317
2215 317
2216 317
2218 318
2219 318
2220 318
2221 318
2222 318
2223 318
2224 318
2226 319
2227 319
2228 319
2229 319
2230 319
2231 319
2232 319
2234 320
2235 320
2236 320
2237 320
2238 320
2239 320
2241 321
2242 321
2243 321
2244 321
2245 321
2246 321
2247 321
2249 322
2250 322
2251 322
2252 322
2253 322
2254 322
2255 322
2257 323
2258 323
2259 323
2260 323
2261 323
2262 322
2263 322
2265 323
2266 323
2267 323
2268 323
2269 323
2270 323
2271 323
2273 324
2274 324
2275 324
2276 324
2277 324
2278 324
2279 324
2281 325
2282 325
2283 325
2284 325
2285 325
2286 325
2288 326
2289 326
2290 326
2291 326
2292 326
2293 326
2294 326
2296 327
2297 327
2298 327
2299 327
2300 327
2301 327
2302 327
2304 328
2305 328
2306 328
2307 328
2308 328
2309 328
2310 327
2312 328
2313 328
2314 328
2315 328
2316 328
2317 328
2318 328
2320 329
2321 329
2322 329
2323 329
2324 329
2325 329
2326 329
2328 330
2329 330
2330 330
2331 330
2332 330
2333 330
2334 330
2336 331
2337 331
2338 331
2339 331
2340 331
2341 331
2342 331
2343 331
2345 332
2346 332
2347 332
2348 332
2349 332
2350 332
2351 332
2353 333
2354 333
2355 333
2356 333
2357 333
2358 332
2359 332
2361 333
2362 333
2363 333
2364 333
2365 333
2366 333
2367 333
2369 334
2370 334
2371 334
2372 334
2373 334
2374 334
2375 334
2377 335
2378 335
2379 335
2380 335
2381 335
2382 335
2383 335
2385 336
2386 336
2387 336
2388 336
2389 336
2390 336
2391 336
2392 336
2394 337
2395 337
2396 337
2397 337
2398 337
2399 337
2400 337
2402 338
2403 338
2404 338
2405 338
2406 338
2407 337
2408 337
2410 338
2411 338
2412 338
2413 338
2414 338
2415 338
2416 338
2418 339
2419 339
2420 339
2421 339
2422 339
2423 339
2424 339
2425 339
2427 340
2428 340
2429 340
2430 340
2431 340
2432 340
2433 340
2435 341
2436 341
2437 341
2438 341
2439 341
2440 341
2441 341
2442 341
2444 342
2445 342
2446 342
2447 342
2448 342
2449 342
2450 342
2452 343
2453 343
2454 343
2455 342
2456 342
2457 342
2458 342
2459 342
2461 343
2462 343
2463 343
2464 343
2465 343
2466 343
2467 343
2469 344
2470 344
2471 344
2472 344
2473 344
2474 344
2475 344
2476 344
2478 345
2479 345
2480 345
2481 345
2482 345
2483 345
2484 345
2486 346
2487 346
2488 346
2489 346
2490 346
2491 346
2492 346
2493 346
2495 347
2496 347
2497 347
2498 347
2499 347
2500 347
2501 347
2503 347
2504 347
2505 347
2506 347
2507 347
2508 347
2509 347
2510 347
2512 348
2513 348
2514 348
2515 348
2516 348
2517 348
2518 348
2519 348
2521 349
2522 349
2523 349
2524 349
2525 349
2526 349
2527 349
2528 349
2530 350
2531 350
2532 350
2533 350
2534 350
2535 350
2536 350
2538 351
2539 351
2540 351
2541 351
2542 351
2543 351
2544 351
2545 351
2547 352
2548 352
2549 352
2550 351
2551 351
2552 351
2553 351
2554 351
2556 352
2557 352
2558 352
2559 352
2560 352
2561 352
2562 352
2563 352
2565 353
2566 353
2567 353
2568 353
2569 353
2570 353
2571 353
2572 353
2574 354
2575 354
2576 354
2577 354
2578 354
2579 354
2580 354
2581 354
2583 355
2584 355
2585 355
2586 355
2587 355
2588 355
2589 355
2590 355
2592 356
2593 356
2594 356
2595 356
2596 356
2597 355
2598 355
2599 355
2601 356
2602 356
2603 356
2604 356
2605 356
2606 356
2607 356
2608 356
2610 357
2611 357
2612 357
2613 357
2614 357
2615 357
2616 357
2617 357
2619 358
2620 358
2621 358
2622 358
2623 358
2624 358
2625 358
2626 358
2628 359
2629 359
2630 359
2631 359
2632 359
2633 359
2634 359
2635 359
2636 359
2638 360
2639 360
2640 360
2641 360
2642 360
2643 360
2644 359
2645 359
2647 360
2648 360
2649 360
2650 360
2651 360
2652 360
2653 360
2654 360
2656 361
2657 361
2658 361
2659 361
2660 361
2661 361
2662 361
2663 361
2665 362
2666 362
2667 362
2668 362
2669 362
2670 362
2671 362
2672 362
2673 362
2675 363
2676 363
2677 363
2678 363
2679 363
2680 363
2681 363
2682 363
2684 364
2685 364
2686 364
2687 364
2688 364
2689 364
2690 364
2691 363
2692 363
2694 364
2695 364
2696 364
2697 364
2698 364
2699 364
2700 364
2701 364
2703 365
2704 365
2705 365
2706 365
2707 365
2708 365
2709 365
2710 365
2711 365
2713 366
2714 366
2715 366
2716 366
2717 366
2718 366
2719 366
2720 366
2721 366
2723 367
2724 367
2725 367
2726 367
2727 367
2728 367
2729 367
2730 367
2732 368
2733 368
2734 368
2735 368
2736 368
2737 368
2738 367
2739 367
2740 367
2742 368
2743 368
2744 368
2745 368
2746 368
2747 368
2748 368
2749 368
2750 368
2752 369
2753 369
2754 369
2755 369
2756 369
2757 369
2758 369
2759 369
2760 369
2762 370
2763 370
2764 370
2765 370
2766 370
2767 370
2768 370
2769 370
2770 370
2772 371
2773 371
2774 371
2775 371
2776 371
2777 371
2778 371
2779 371
2780 371
2782 372
2783 372
2784 372
2785 371
2786 371
2787 371
2788 371
2789 371
2790 371
2792 372
2793 372
2794 372
2795 372
2796 372
2797 372
2798 372
2799 372
2800 372
2802 373
2803 373
2804 373
2805 373
2806 373
2807 373
2808 373
2809 373
2810 373
2812 374
2813 374
2814 374
2815 374
2816 374
2817 374
2818 374
2819 374
2820 374
2822 375
2823 375
2824 375
2825 375
2826 375
2827 375
2828 375
2829 375
2830 375
2832 375
2833 375
2834 375
2835 375
2836 375
2837 375
2838 375
2839 375
2840 375
2841 375
2843 376
2844 376
2845 376
2846 376
2847 376
2848 376
2849 376
2850 376
2851 376
2853 377
2854 377
2855 377
2856 377
2857 377
2858 377
2859 377
2860 377
2861 377
2862 377
2864 378
2865 378
2866 378
2867 378
2868 378
2869 378
2870 378
2871 378
2872 378
2874 379
2875 379
2876 379
2877 379
2878 379
2879 378
2880 378
2881 378
2882 378
2883 378
2885 379
2886 379
2887 379
2888 379
2889 379
2890 379
2891 379
2892 379
2893 379
2894 379
2896 380
2897 380
2898 380
2899 380
2900 380
2901 380
2902 380
2903 380
2904 380
2906 381
2907 381
2908 381
2909 381
2910 381
2911 381
2912 381
2913 381
2914 381
2915 381
2917 382
2918 382
2919 382
2920 382
2921 382
2922 382
2923 382
2924 382
2925 381
2926 381
2928 382
2929 382
2930 382
2931 382
2932 382
2933 382
2934 382
2935 382
2936 382
2937 382
2939 383
2940 383
2941 383
2942 383
2943 383
2944 383
2945 383
2946 383
2947 383
2948 383
2950 384
2951 384
2952 384
2953 384
2954 384
2955 384
2956 384
2957 384
2958 384
2959 384
2961 385
2962 385
2963 385
2964 385
2965 385
2966 385
2967 385
2968 385
2969 385
2970 385
2971 384
2973 385
2974 385
2975 385
2976 385
2977 385
2978 385
2979 385
2980 385
2981 385
2982 385
2984 386
2985 386
2986 386
2987 386
2988 386
2989 386
2990 386
2991 386
2992 386
2993 386
2994 386
2996 387
2997 387
2998 387
2999 387
3000 387
3001 387
3002 387
3003 387
3004 387
3005 387
3007 388
3008 388
3009 388
3010 388
3011 388
3012 388
3013 388
3014 388
3015 388
3016 388
3017 387
3019 388
3020 388
3021 388
3022 388
3023 388
3024 388
3025 388
3026 388
3027 388
3028 388
3029 388
3031 389
3032 389
3033 389
3034 389
3035 389
3036 389
3037 389
3038 389
3039 389
3040 389
3042 390
3043 390
3044 390
3045 390
3046 390
3047 390
3048 390
3049 390
3050 390
3051 390
3052 390
3054 391
3055 391
3056 391
3057 391
3058 391
3059 391
3060 391
3061 391
3062 391
3063 390
3064 390
3065 390
3067 391
3068 391
3069 391
3070 391
3071 391
3072 391
3073 391
3074 391
3075 391
3076 391
3077 391
3079 392
3080 392
3081 392
3082 392
3083 392
3084 392
3085 392
3086 392
3087 392
3088 392
3089 392
3091 393
3092 393
3093 393
3094 393
3095 393
3096 393
3097 393
3098 393
3099 393
3100 393
3101 393
3102 393
3104 394
3105 394
3106 394
3107 394
3108 394
3109 393
3110 393
3111 393
3112 393
3113 393
3114 393
3116 394
3117 394
3118 394
3119 394
3120 394
3121 394
3122 394
3123 394
3124 394
3125 394
3126 394
3127 394
3129 395
3130 395
3131 395
3132 395
3133 395
3134 395
3135 395
3136 395
3137 395
3138 395
3139 395
3140 395
3142 396
3143 396
3144 396
3145 396
3146 396
3147 396
3148 396
3149 396
3150 396
3151 396
3152 396
3153 396
3155 396
3156 396
3157 396
3158 396
3159 396
3160 396
3161 396
3162 396
3163 396
3164 396
3165 396
3166 396
3168 397
3169 397
3170 397
3171 397
3172 397
3173 397
3174 397
3175 397
3176 397
3177 397
3178 397
3179 397
3181 398
3182 398
3183 398
3184 398
3185 398
3186 398
3187 398
3188 398
3189 398
3190 398
3191 398
3192 398
3193 398
3195 399
3196 399
3197 399
3198 399
3199 399
3200 398
3201 398
3202 398
3203 398
3204 398
3205 398
3206 398
3207 398
3209 399
3210 399
3211 399
3212 399
3213 399
3214 399
3215 399
3216 399
3217 399
3218 399
3219 399
3220 399
3222 400
3223 400
3224 400
3225 400
3226 400
3227 400
3228 400
3229 400
3230 400
3231 400
3232 400
3233 400
3234 400
3236 401
3237 401
3238 401
3239 401
3240 401
3241 401
3242 401
3243 401
3244 401
3245 400
3246 400
3247 400
3248 400
3249 400
3251 401
3252 401
3253 401
3254 401
3255 401
3256 401
3257 401
3258 401
3259 401
3260 401
3261 401
3262 401
3263 401
3265 402
3266 402
3267 402
3268 402
3269 402
3270 402
3271 402
3272 402
3273 402
3274 402
3275 402
3276 402
3277 402
3278 402
3280 403
3281 403
3282 403
3283 403
3284 403
3285 403
3286 403
3287 403
3288 403
3289 403
3290 403
3291 402
3292 402
3293 402
3295 403
3296 403
3297 403
3298 403
3299 403
3300 403
3301 403
3302 403
3303 403
3304 403
3305 403
3306 403
3307 403
3308 403
3310 404
3311 404
3312 404
3313 404
3314 404
3315 404
3316 404
3317 404
3318 404
3319 404
3320 404
3321 404
3322 404
3323 404
3325 405
3326 405
3327 405
3328 405
3329 405
3330 405
3331 405
3332 405
3333 405
3334 405
3335 405
3336 404
3337 404
3338 404
3339 404
3341 405
3342 405
3343 405
3344 405
3345 405
3346 405
3347 405
3348 405
3349 405
3350 405
3351 405
3352 405
3353 405
3354 405
3355 405
3357 406
3358 406
3359 406
3360 406
3361 406
3362 406
3363 406
3364 406
3365 406
3366 406
3367 406
3368 406
3369 406
3370 406
3371 406
3373 407
3374 407
3375 407
3376 407
3377 407
3378 407
3379 407
3380 407
3381 406
3382 406
3383 406
3384 406
3385 406
3386 406
3387 406
3388 406
3390 407
3391 407
3392 407
3393 407
3394 407
3395 407
3396 407
3397 407
3398 407
3399 407
3400 407
3401 407
3402 407
3403 407
3404 407
3405 407
3407 408
3408 408
3409 408
3410 408
3411 408
3412 408
3413 408
3414 408
3415 408
3416 408
3417 408
3418 408
3419 408
3420 408
3421 408
3422 408
3424 409
3425 409
3426 408
3427 408
3428 408
3429 408
3430 408
3431 408
3432 408
3433 408
3434 408
3435 408
3436 408
3437 408
3438 408
3439 408
3440 408
3442 409
3443 409
3444 409
3445 409
3446 409
3447 409
3448 409
3449 409
3450 409
3451 409
3452 409
3453 409
3454 409
3455 409
3456 409
3457 409
3458 409
3460 410
3461 410
3462 410
3463 410
3464 410
3465 410
3466 410
3467 410
3468 410
3469 410
3470 409
3471 409
3472 409
3473 409
3474 409
3475 409
3476 409
3478 410
3479 410
3480 410
3481 410
3482 410
3483 410
3484 410
3485 410
3486 410
3487 410
3488 410
3489 410
3490 410
3491 410
3492 410
3493 410
3494 410
3495 410
3497 411
3498 411
3499 411
3500 411
3501 411
3502 411
3503 411
3504 411
3505 411
3506 411
3507 411
3508 411
3509 411
3510 411
3511 411
3512 411
3513 411
3514 410
3515 410
3517 411
3518 411
3519 411
3520 411
3521 411
3522 411
3523 411
3524 411
3525 411
3526 411
3527 411
3528 411
3529 411
3530 411
3531 411
3532 411
3533 411
3534 411
3535 411
3537 412
3538 412
3539 412
3540 412
3541 412
3542 412
3543 412
3544 412
3545 412
3546 412
3547 412
3548 412
3549 412
3550 412
3551 412
3552 412
3553 412
3554 412
3555 412
3556 412
3558 413
3559 412
3560 412
3561 412
3562 412
3563 412
3564 412
3565 412
3566 412
3567 412
3568 412
3569 412
3570 412
3571 412
3572 412
3573 412
3574 412
3575 412
3576 412
3577 412
3578 412
3580 413
3581 413
3582 413
3583 413
3584 413
3585 413
3586 413
3587 413
3588 413
3589 413
3590 413
3591 413
3592 413
3593 413
3594 413
3595 413
3596 413
3597 413
3598 413
3599 413
3600 413
3602 414
3603 413
3604 413
3605 413
3606 413
3607 413
3608 413
3609 413
3610 413
3611 413
3612 413
3613 413
3614 413
3615 413
3616 413
3617 413
3618 413
3619 413
3620 413
3621 413
3622 413
3623 413
3624 413
3626 414
3627 414
3628 414
3629 414
3630 414
3631 414
3632 414
3633 414
3634 414
3635 414
3636 414
3637 414
3638 414
3639 414
3640 414
3641 414
3642 414
3643 414
3644 414
3645 414
3646 413
3647 413
3648 413
3650 414
3651 414
3652 414
3653 414
3654 414
3655 414
3656 414
3657 414
3658 414
3659 414
3660 414
3661 414
3662 414
3663 414
3664 414
3665 414
3666 414
3667 414
3668 414
3669 414
3670 414
3671 414
3672 414
3673 414
3674 414
3676 415
3677 415
3678 415
3679 415
3680 415
3681 415
3682 415
3683 415
3684 415
3685 415
3686 415
3687 415
3688 415
3689 415
3690 414
3691 414
3692 414
3693 414
3694 414
3695 414
3696 414
3697 414
3698 414
3699 414
3700 414
3701 414
3703 415
3704 415
3705 415
3706 415
3707 415
3708 415
3709 415
3710 415
3711 415
3712 415
3713 415
3714 415
3715 415
3716 415
3717 415
3718 415
3719 415
3720 415
3721 415
3722 415
3723 415
3724 415
3725 415
3726 415
3727 415
3728 415
3729 415
3730 415
3732 416
3733 416
3734 416
3735 415
3736 415
3737 415
3738 415
3739 415
3740 415
3741 415
3742 415
3743 415
3744 415
3745 415
3746 415
3747 415
3748 415
3749 415
3750 415
3751 415
3752 415
3753 415
3754 415
3755 415
3756 415
3757 415
3758 415
3759 415
3760 415
3761 415
3763 416
3764 416
3765 416
3766 416
3767 416
3768 416
3769 416
3770 416
3771 416
3772 416
3773 416
3774 416
3775 416
3776 416
3777 416
3778 415
3779 415
3780 415
3781 415
3782 415
3783 415
3784 415
3785 415
3786 415
3787 415
3788 415
3789 415
3790 415
3791 415
3792 415
3793 415
3794 415
3795 415
3797 416
3798 416
3799 416
3800 416
3801 416
3802 416
3803 416
3804 416
3805 416
3806 416
3807 416
3808 416
3809 416
3810 416
3811 416
3812 416
3813 416
3814 416
3815 416
3816 416
3817 416
3818 416
3819 416
3820 416
3821 415
3822 415
3823 415
3824 415
3825 415
3826 415
3827 415
3828 415
3829 415
3830 415
3831 415
3832 415
3833 415
3835 416
3836 416
3837 416
3838 416
3839 416
3840 416
3841 416
3842 416
3843 416
3844 416
3845 416
3846 416
3847 416
3848 416
3849 416
3850 416
3851 416
3852 416
3853 416
3854 416
3855 416
3856 416
3857 416
3858 416
3859 416
3860 416
3861 416
3862 416
3863 416
3864 415
3865 415
3866 415
3867 415
3868 415
3869 415
3870 415
3871 415
3872 415
3873 415
3874 415
3875 415
3876 415
3878 416
3879 416
3880 416
3881 416
3882 416
3883 416
3884 416
3885 416
3886 416
3887 416
3888 416
3889 416
3890 416
3891 416
3892 416
3893 416
3894 416
3895 416
3896 416
3897 416
3898 416
3899 416
3900 416
3901 416
3902 416
3903 416
3904 416
3905 416
3906 416
3907 415
3908 415
3909 415
3910 415
3911 415
3912 415
3913 415
3914 415
3915 415
3916 415
3917 415
3918 415
3919 415
3920 415
3921 415
3922 415
3923 415
3924 415
3925 415
3926 415
3927 415
3928 415
3929 415
3931 416
3932 416
3933 416
3934 416
3935 416
3936 416
3937 416
3938 416
3939 416
3940 416
3941 416
3942 416
3943 416
3944 416
3945 416
3946 416
3947 416
3948 416
3949 416
3950 415
3951 415
3952 415
3953 415
3954 415
3955 415
3956 415
3957 415
3958 415
3959 415
3960 415
3961 415
3962 415
3963 415
3964 415
3965 415
3966 415
3967 415
3968 415
3969 415
3970 415
3971 415
3972 415
3973 415
3974 415
3975 415
3976 415
3977 415
3978 415
3979 415
3980 415
3981 415
3982 415
3983 415
3984 415
3985 415
3986 415
3987 415
3988 415
3989 415
3990 415
3991 415
3992 414
3993 414
3994 414
3995 414
3996 414
3997 414
3998 414
3999 414
4000 414
4001 414
4003 415
4004 415
4005 415
4006 415
4007 415
4008 415
4009 415
4010 415
4011 415
4012 415
4013 415
4014 415
4015 415
4016 415
4017 415
4018 415
4019 415
4020 415
4021 415
4022 415
4023 415
4024 415
4025 415
4026 415
4027 415
4028 415
4029 415
4030 415
4031 415
4032 415
4033 415
4034 415
4035 414
4036 414
4037 414
4038 414
4039 414
4040 414
4041 414
4042 414
4043 414
4044 414
4045 414
4046 414
4047 414
4048 414
4049 414
4050 414
4051 414
4052 414
4053 414
4054 414
4055 414
4056 414
4057 414
4058 414
4059 414
4060 414
4061 414
4062 414
4063 414
4064 414
4065 414
4066 414
4067 414
4068 414
4069 414
4070 414
4071 414
4072 414
4073 414
4074 414
4075 414
4076 414
4077 413
4078 413
4079 413
4080 413
4081 413
4082 413
4083 413
4084 413
4085 413
4086 413
4087 413
4088 413
4089 413
4090 413
4091 413
4092 413
4093 413
4094 413
4095 413
4095 412
4095 411
4095 410
4095 409
4095 408
4095 407
4095 406
4095 405
4095 404
4095 403
4095 402
4095 401
4095 400
4095 399
4095 398
4095 397
4095 396
4095 395
4095 394
4095 393
4095 392
4095 391
4095 390
4095 389
4095 387
4095 386
4095 385
4095 384
4095 383
4095 382
4095 381
4095 380
4095 379
4095 378
4095 377
4095 376
4095 375
4095 374
4095 373
4095 372
4095 371
4095 370
4095 369
4095 368
4095 367
4095 366
4095 365
4095 364
4095 363
4095 362
4095 361
4095 360
4095 359
4095 358
4095 357
4095 356
4095 355
4095 354
4095 353
4095 352
4095 351
4095 350
4095 349
4095 348
4095 347
4095 346
4095 344
4095 343
4095 342
4095 341
4095 340
4095 339
4095 338
4095 337
4095 336
4095 335
4095 334
4095 333
4095 332
4095 331
4095 330
4095 329
4095 328
4095 327
4095 326
4095 325
4095 324
4095 323
4095 322
4095 321
4095 320
4095 319
4095 318
4095 317
4095 316
4095 315
4095 314
4095 313
4095 312
4095 311
4095 310
4095 309
4095 308
4095 307
4095 306
4095 305
4095 304
4095 303
4095 301
4095 300
4095 299
4095 298
4095 297
4095 296
4095 295
4095 294
4095 293
4095 292
4095 291
4095 290
4095 289
4095 288
4095 287
4095 286
4095 285
4095 284
4095 283
4095 282
4095 281
4095 280
4095 279
4095 278
4095 277
4095 276
4095 275
4095 274
4095 273
4095 272
4095 271
4095 270
4095 269
4095 268
4095 267
4095 266
4095 265
4095 264
4095 263
4095 262
4095 261
4095 260
4095 258
4095 257
4095 256
4095 255
4095 254
4095 253
4095 252
4095 251
4095 250
4095 249
4095 248
4095 247
4095 246
4095 245
4095 244
4095 243
4095 242
4095 241
4095 240
4095 239
4095 238
4095 237
4095 236
4095 235
4095 234
4095 233
4095 232
4095 231
4095 230
4095 229
4095 228
4095 227
4095 226
4095 225
4095 224
4095 223
4095 222
4095 221
4095 220
4095 219
4095 218
4095 217
4095 215
4095 214
4095 213
4095 212
4095 211
4095 210
4095 209
4095 208
4095 207
4095 206
4095 205
4095 204
4095 203
4095 202
4095 201
4095 200
4095 199
4095 198
4095 197
4095 196
4095 195
4095 194
4095 193
4095 192
4095 191
4095 190
4095 189
4095 188
4095 187
4095 186
4095 185
4095 184
4095 183
4095 182
4095 181
4095 180
4095 179
4095 178
4095 177
4095 176
4095 175
4095 174
4095 172
4095 171
4095 170
4095 169
4095 168
4095 167
4095 166
4095 165
4095 164
4095 163
4095 162
4095 161
4095 160
4095 159
4095 158
4095 157
4095 156
4095 155
4095 154
4095 153
4095 152
4095 151
4095 150
4095 149
4095 148
4095 147
4095 146
4095 145
4095 144
4095 143
4095 142
4095 141
4095 140
4095 139
4095 138
4095 137
4095 136
4095 135
4095 134
4095 133
4095 132
4095 131
4095 129
4095 128
4095 127
4095 126
4095 125
4095 124
4095 123
4095 122
4095 121
4095 120
4095 119
4095 118
4095 117
4095 116
4095 115
4095 114
4095 113
4095 112
4095 111
4095 110
4095 109
4095 108
4095 107
4095 106
4095 105
4095 104
4095 103
4095 102
4095 101
4095 100
4095 99
4095 98
4095 97
4095 96
4095 95
4095 94
4095 93
4095 92
4095 91
4095 90
4095 89
4095 88
4095 86
4095 85
4095 84
4095 83
