81 99
82 100
83 101
84 102
85 103
87 105
88 106
89 107
90 108
91 110
92 111
93 112
94 113
95 114
96 116
97 117
98 118
99 119
100 120
101 122
102 123
103 124
104 125
105 127
106 128
107 129
108 130
109 131
110 133
111 134
112 135
113 136
114 138
115 139
116 140
117 141
118 142
119 144
120 145
121 146
122 147
123 148
124 150
125 151
126 152
127 153
128 155
130 156
131 157
132 158
133 159
134 161
135 162
136 163
137 164
138 166
139 167
140 168
141 169
142 170
143 172
144 173
145 174
146 175
147 176
148 178
149 179
150 180
151 181
152 183
153 184
154 185
155 186
156 187
157 189
158 190
159 191
160 192
161 194
162 195
163 196
164 197
165 198
166 200
167 201
168 202
169 203
170 204
171 206
173 207
174 208
175 209
176 211
177 212
178 213
179 214
180 215
181 217
182 218
183 219
184 220
185 222
186 223
187 224
188 225
189 226
190 228
191 229
192 230
193 231
194 232
195 234
196 235
197 236
198 237
199 239
200 240
201 241
202 242
203 243
204 245
205 246
206 247
207 248
208 250
209 251
210 252
211 253
212 254
213 256
214 257
216 258
217 259
218 260
219 262
220 263
221 264
222 265
223 267
224 268
225 269
226 270
227 271
228 273
229 274
230 275
231 276
232 277
233 279
234 280
235 281
236 282
237 284
238 285
239 286
240 287
241 288
242 290
243 291
244 292
245 293
246 295
247 296
248 297
249 298
250 299
251 301
252 302
253 303
254 304
255 305
256 307
257 308
259 309
260 310
261 312
262 313
263 314
264 315
265 316
266 318
267 319
268 320
269 321
270 323
271 324
272 325
273 326
274 327
275 329
276 330
277 331
278 332
279 333
280 335
281 336
282 337
283 338
284 340
285 341
286 342
287 343
288 344
289 346
290 347
291 348
292 349
293 350
294 352
295 353
296 354
297 355
298 357
299 358
300 359
302 360
303 361
304 363
305 364
306 365
307 366
308 368
309 369
310 370
311 371
312 372
313 374
314 375
315 376
316 377
317 378
318 380
319 381
320 382
321 383
322 385
323 386
324 387
325 388
326 389
327 391
328 392
329 393
330 394
331 395
332 397
333 398
334 399
335 400
336 402
337 403
338 404
339 405
340 406
341 408
342 409
343 410
345 411
346 412
347 414
348 415
349 416
350 417
351 419
352 420
353 421
354 422
355 423
356 425
357 426
358 427
359 428
360 430
361 431
362 432
363 433
364 434
365 436
366 437
367 438
368 439
369 440
370 442
371 443
372 444
373 445
374 447
375 448
376 449
377 450
378 451
379 453
380 454
381 455
382 456
383 457
384 459
385 460
386 461
388 462
389 464
390 465
391 466
392 467
393 468
394 470
395 471
396 472
397 473
398 474
399 476
400 477
401 478
402 479
403 481
404 482
405 483
406 484
407 485
408 487
409 488
410 489
411 490
412 491
413 493
414 494
415 495
416 496
417 498
418 499
419 500
420 501
421 502
422 504
423 505
424 506
425 507
426 508
427 510
428 511
429 512
430 513
432 515
433 516
434 517
435 518
436 519
437 521
438 522
439 523
440 524
441 525
442 527
443 528
444 529
445 530
446 532
447 533
448 534
449 535
450 536
451 538
452 539
453 540
454 541
455 542
456 544
457 545
458 546
459 547
460 549
461 550
462 551
463 552
464 553
465 555
466 556
467 557
468 558
469 559
470 561
471 562
472 563
473 564
475 566
476 567
477 568
478 569
479 570
480 572
481 573
482 574
483 575
484 576
485 578
486 579
487 580
488 581
489 582
490 584
491 585
492 586
493 587
494 589
495 590
496 591
497 592
498 593
499 595
500 596
501 597
502 598
503 599
504 601
505 602
506 603
507 604
508 606
509 607
510 608
511 609
512 610
513 612
514 613
515 614
516 615
518 616
519 618
520 619
521 620
522 621
523 623
524 624
525 625
526 626
527 627
528 629
529 630
530 631
531 632
532 633
533 635
534 636
535 637
536 638
537 639
538 641
539 642
540 643
541 644
542 646
543 647
544 648
545 649
546 650
547 652
548 653
549 654
550 655
551 656
552 658
553 659
554 660
555 661
556 663
557 664
558 665
559 666
561 667
562 669
563 670
564 671
565 672
566 673
567 675
568 676
569 677
570 678
571 679
572 681
573 682
574 683
575 684
576 686
577 687
578 688
579 689
580 690
581 692
582 693
583 694
584 695
585 696
586 698
587 699
588 700
589 701
590 702
591 704
592 705
593 706
594 707
595 709
596 710
597 711
598 712
599 713
600 715
601 716
602 717
604 718
605 719
606 721
607 722
608 723
609 724
610 725
611 727
612 728
613 729
614 730
615 732
616 733
617 734
618 735
619 736
620 738
621 739
622 740
623 741
624 742
625 744
626 745
627 746
628 747
629 748
630 750
631 751
632 752
633 753
634 755
635 756
636 757
637 758
638 759
639 761
640 762
641 763
642 764
643 765
644 767
645 768
647 769
648 770
649 771
650 773
651 774
652 775
653 776
654 777
655 779
656 780
657 781
658 782
659 784
660 785
661 786
662 787
663 788
664 790
665 791
666 792
667 793
668 794
669 796
670 797
671 798
672 799
673 800
674 802
675 803
676 804
677 805
678 807
679 808
680 809
681 810
682 811
683 813
684 814
685 815
686 816
687 817
688 819
690 820
691 821
692 822
693 823
694 825
695 826
696 827
697 828
698 829
699 831
700 832
701 833
702 834
703 836
704 837
705 838
706 839
707 840
708 842
709 843
710 844
711 845
712 846
713 848
714 849
715 850
716 851
717 852
718 854
719 855
720 856
721 857
722 858
723 860
724 861
725 862
726 863
727 864
728 866
729 867
730 868
731 869
733 871
734 872
735 873
736 874
737 875
738 877
739 878
740 879
741 880
742 881
743 883
744 884
745 885
746 886
747 887
748 889
749 890
750 891
751 892
752 893
753 895
754 896
755 897
756 898
757 899
758 901
759 902
760 903
761 904
762 906
763 907
764 908
765 909
766 910
767 912
768 913
769 914
770 915
771 916
772 918
773 919
774 920
776 921
777 922
778 924
779 925
780 926
781 927
782 928
783 930
784 931
785 932
786 933
787 934
788 936
789 937
790 938
791 939
792 940
793 942
794 943
795 944
796 945
797 946
798 948
799 949
800 950
801 951
802 953
803 954
804 955
805 956
806 957
807 959
808 960
809 961
810 962
811 963
812 965
813 966
814 967
815 968
816 969
817 971
818 972
820 973
821 974
822 975
823 977
824 978
825 979
826 980
827 981
828 983
829 984
830 985
831 986
832 987
833 989
834 990
835 991
836 992
837 993
838 995
839 996
840 997
841 998
842 999
843 1001
844 1002
845 1003
846 1004
847 1006
848 1007
849 1008
850 1009
851 1010
852 1012
853 1013
854 1014
855 1015
856 1016
857 1018
858 1019
859 1020
860 1021
861 1022
863 1024
864 1025
865 1026
866 1027
867 1028
868 1030
869 1031
870 1032
871 1033
872 1034
873 1036
874 1037
875 1038
876 1039
877 1040
878 1042
879 1043
880 1044
881 1045
882 1046
883 1048
884 1049
885 1050
886 1051
887 1052
888 1054
889 1055
890 1056
891 1057
892 1058
893 1060
894 1061
895 1062
896 1063
897 1064
898 1066
899 1067
900 1068
901 1069
902 1070
903 1072
904 1073
906 1074
907 1075
908 1076
909 1078
910 1079
911 1080
912 1081
913 1082
914 1084
915 1085
916 1086
917 1087
918 1088
919 1090
920 1091
921 1092
922 1093
923 1094
924 1096
925 1097
926 1098
927 1099
928 1100
929 1102
930 1103
931 1104
932 1105
933 1106
934 1108
935 1109
936 1110
937 1111
938 1112
939 1114
940 1115
941 1116
942 1117
943 1118
944 1120
945 1121
946 1122
947 1123
949 1124
950 1126
951 1127
952 1128
953 1129
954 1130
955 1132
956 1133
957 1134
958 1135
959 1136
960 1138
961 1139
962 1140
963 1141
964 1142
965 1144
966 1145
967 1146
968 1147
969 1148
970 1150
971 1151
972 1152
973 1153
974 1154
975 1156
976 1157
977 1158
978 1159
979 1160
980 1162
981 1163
982 1164
983 1165
984 1166
985 1168
986 1169
987 1170
988 1171
989 1172
990 1174
992 1175
993 1176
994 1177
995 1178
996 1180
997 1181
998 1182
999 1183
1000 1184
1001 1186
1002 1187
1003 1188
1004 1189
1005 1190
1006 1192
1007 1193
1008 1194
1009 1195
1010 1196
1011 1198
1012 1199
1013 1200
1014 1201
1015 1202
1016 1204
1017 1205
1018 1206
1019 1207
1020 1208
1021 1210
1022 1211
1023 1212
1024 1213
1025 1214
1026 1216
1027 1217
1028 1218
1029 1219
1030 1220
1031 1222
1032 1223
1033 1224
1035 1225
1036 1226
1037 1227
1038 1229
1039 1230
1040 1231
1041 1232
1042 1233
1043 1235
1044 1236
1045 1237
1046 1238
1047 1239
1048 1241
1049 1242
1050 1243
1051 1244
1052 1245
1053 1247
1054 1248
1055 1249
1056 1250
1057 1251
1058 1253
1059 1254
1060 1255
1061 1256
1062 1257
1063 1259
1064 1260
1065 1261
1066 1262
1067 1263
1068 1265
1069 1266
1070 1267
1071 1268
1072 1269
1073 1271
1074 1272
1075 1273
1076 1274
1078 1275
1079 1277
1080 1278
1081 1279
1082 1280
1083 1281
1084 1282
1085 1284
1086 1285
1087 1286
1088 1287
1089 1288
1090 1290
1091 1291
1092 1292
1093 1293
1094 1294
1095 1296
1096 1297
1097 1298
1098 1299
1099 1300
1100 1302
1101 1303
1102 1304
1103 1305
1104 1306
1105 1308
1106 1309
1107 1310
1108 1311
1109 1312
1110 1314
1111 1315
1112 1316
1113 1317
1114 1318
1115 1319
1116 1321
1117 1322
1118 1323
1119 1324
1121 1325
1122 1327
1123 1328
1124 1329
1125 1330
1126 1331
1127 1333
1128 1334
1129 1335
1130 1336
1131 1337
1132 1339
1133 1340
1134 1341
1135 1342
1136 1343
1137 1345
1138 1346
1139 1347
1140 1348
1141 1349
1142 1350
1143 1352
1144 1353
1145 1354
1146 1355
1147 1356
1148 1358
1149 1359
1150 1360
1151 1361
1152 1362
1153 1364
1154 1365
1155 1366
1156 1367
1157 1368
1158 1370
1159 1371
1160 1372
1161 1373
1162 1374
1164 1376
1165 1377
1166 1378
1167 1379
1168 1380
1169 1381
1170 1383
1171 1384
1172 1385
1173 1386
1174 1387
1175 1389
1176 1390
1177 1391
1178 1392
1179 1393
1180 1395
1181 1396
1182 1397
1183 1398
1184 1399
1185 1400
1186 1402
1187 1403
1188 1404
1189 1405
1190 1406
1191 1408
1192 1409
1193 1410
1194 1411
1195 1412
1196 1414
1197 1415
1198 1416
1199 1417
1200 1418
1201 1420
1202 1421
1203 1422
1204 1423
1205 1424
1207 1425
1208 1427
1209 1428
1210 1429
1211 1430
1212 1431
1213 1433
1214 1434
1215 1435
1216 1436
1217 1437
1218 1439
1219 1440
1220 1441
1221 1442
1222 1443
1223 1444
1224 1446
1225 1447
1226 1448
1227 1449
1228 1450
1229 1452
1230 1453
1231 1454
1232 1455
1233 1456
1234 1458
1235 1459
1236 1460
1237 1461
1238 1462
1239 1463
1240 1465
1241 1466
1242 1467
1243 1468
1244 1469
1245 1471
1246 1472
1247 1473
1248 1474
1249 1475
1251 1477
1252 1478
1253 1479
1254 1480
1255 1481
1256 1482
1257 1484
1258 1485
1259 1486
1260 1487
1261 1488
1262 1490
1263 1491
1264 1492
1265 1493
1266 1494
1267 1496
1268 1497
1269 1498
1270 1499
1271 1500
1272 1501
1273 1503
1274 1504
1275 1505
1276 1506
1277 1507
1278 1509
1279 1510
1280 1511
1281 1512
1282 1513
1283 1515
1284 1516
1285 1517
1286 1518
1287 1519
1288 1520
1289 1522
1290 1523
1291 1524
1292 1525
1294 1526
1295 1528
1296 1529
1297 1530
1298 1531
1299 1532
1300 1533
1301 1535
1302 1536
1303 1537
1304 1538
1305 1539
1306 1541
1307 1542
1308 1543
1309 1544
1310 1545
1311 1546
1312 1548
1313 1549
1314 1550
1315 1551
1316 1552
1317 1554
1318 1555
1319 1556
1320 1557
1321 1558
1322 1559
1323 1561
1324 1562
1325 1563
1326 1564
1327 1565
1328 1567
1329 1568
1330 1569
1331 1570
1332 1571
1333 1573
1334 1574
1335 1575
1337 1576
1338 1577
1339 1578
1340 1580
1341 1581
1342 1582
1343 1583
1344 1584
1345 1586
1346 1587
1347 1588
1348 1589
1349 1590
1350 1591
1351 1593
1352 1594
1353 1595
1354 1596
1355 1597
1356 1599
1357 1600
1358 1601
1359 1602
1360 1603
1361 1604
1362 1606
1363 1607
1364 1608
1365 1609
1366 1610
1367 1612
1368 1613
1369 1614
1370 1615
1371 1616
1372 1617
1373 1619
1374 1620
1375 1621
1376 1622
1377 1623
1378 1624
1380 1626
1381 1627
1382 1628
1383 1629
1384 1630
1385 1632
1386 1633
1387 1634
1388 1635
1389 1636
1390 1637
1391 1639
1392 1640
1393 1641
1394 1642
1395 1643
1396 1645
1397 1646
1398 1647
1399 1648
1400 1649
1401 1650
1402 1652
1403 1653
1404 1654
1405 1655
1406 1656
1407 1658
1408 1659
1409 1660
1410 1661
1411 1662
1412 1663
1413 1665
1414 1666
1415 1667
1416 1668
1417 1669
1418 1670
1419 1672
1420 1673
1421 1674
1423 1675
1424 1676
1425 1678
1426 1679
1427 1680
1428 1681
1429 1682
1430 1683
1431 1685
1432 1686
1433 1687
1434 1688
1435 1689
1436 1691
1437 1692
1438 1693
1439 1694
1440 1695
1441 1696
1442 1698
1443 1699
1444 1700
1445 1701
1446 1702
1447 1703
1448 1705
1449 1706
1450 1707
1451 1708
1452 1709
1453 1711
1454 1712
1455 1713
1456 1714
1457 1715
1458 1716
1459 1718
1460 1719
1461 1720
1462 1721
1463 1722
1464 1723
1466 1725
1467 1726
1468 1727
1469 1728
1470 1729
1471 1730
1472 1732
1473 1733
1474 1734
1475 1735
1476 1736
1477 1738
1478 1739
1479 1740
1480 1741
1481 1742
1482 1743
1483 1745
1484 1746
1485 1747
1486 1748
1487 1749
1488 1750
1489 1752
1490 1753
1491 1754
1492 1755
1493 1756
1494 1758
1495 1759
1496 1760
1497 1761
1498 1762
1499 1763
1500 1765
1501 1766
1502 1767
1503 1768
1504 1769
1505 1770
1506 1772
1507 1773
1509 1774
1510 1775
1511 1776
1512 1777
1513 1779
1514 1780
1515 1781
1516 1782
1517 1783
1518 1785
1519 1786
1520 1787
1521 1788
1522 1789
1523 1790
1524 1792
1525 1793
1526 1794
1527 1795
1528 1796
1529 1797
1530 1799
1531 1800
1532 1801
1533 1802
1534 1803
1535 1804
1536 1806
1537 1807
1538 1808
1539 1809
1540 1810
1541 1811
1542 1813
1543 1814
1544 1815
1545 1816
1546 1817
1547 1818
1548 1820
1549 1821
1550 1822
1552 1823
1553 1824
1554 1826
1555 1827
1556 1828
1557 1829
1558 1830
1559 1831
1560 1833
1561 1834
1562 1835
1563 1836
1564 1837
1565 1838
1566 1840
1567 1841
1568 1842
1569 1843
1570 1844
1571 1845
1572 1847
1573 1848
1574 1849
1575 1850
1576 1851
1577 1852
1578 1854
1579 1855
1580 1856
1581 1857
1582 1858
1583 1859
1584 1861
1585 1862
1586 1863
1587 1864
1588 1865
1589 1866
1590 1868
1591 1869
1592 1870
1593 1871
1595 1872
1596 1873
1597 1875
1598 1876
1599 1877
1600 1878
1601 1879
1602 1880
1603 1882
1604 1883
1605 1884
1606 1885
1607 1886
1608 1887
1609 1889
1610 1890
1611 1891
1612 1892
1613 1893
1614 1894
1615 1896
1616 1897
1617 1898
1618 1899
1619 1900
1620 1901
1621 1903
1622 1904
1623 1905
1624 1906
1625 1907
1626 1908
1627 1910
1628 1911
1629 1912
1630 1913
1631 1914
1632 1915
1633 1917
1634 1918
1635 1919
1636 1920
1637 1921
1639 1922
1640 1924
1641 1925
1642 1926
1643 1927
1644 1928
1645 1929
1646 1931
1647 1932
1648 1933
1649 1934
1650 1935
1651 1936
1652 1938
1653 1939
1654 1940
1655 1941
1656 1942
1657 1943
1658 1945
1659 1946
1660 1947
1661 1948
1662 1949
1663 1950
1664 1952
1665 1953
1666 1954
1667 1955
1668 1956
1669 1957
1670 1959
1671 1960
1672 1961
1673 1962
1674 1963
1675 1964
1676 1966
1677 1967
1678 1968
1679 1969
1680 1970
1682 1971
1683 1973
1684 1974
1685 1975
1686 1976
1687 1977
1688 1978
1689 1979
1690 1981
1691 1982
1692 1983
1693 1984
1694 1985
1695 1986
1696 1988
1697 1989
1698 1990
1699 1991
1700 1992
1701 1993
1702 1995
1703 1996
1704 1997
1705 1998
1706 1999
1707 2000
1708 2002
1709 2003
1710 2004
1711 2005
1712 2006
1713 2007
1714 2009
1715 2010
1716 2011
1717 2012
1718 2013
1719 2014
1720 2016
1721 2017
1722 2018
1723 2019
1725 2020
1726 2021
1727 2022
1728 2024
1729 2025
1730 2026
1731 2027
1732 2028
1733 2029
1734 2031
1735 2032
1736 2033
1737 2034
1738 2035
1739 2036
1740 2038
1741 2039
1742 2040
1743 2041
1744 2042
1745 2043
1746 2044
1747 2046
1748 2047
1749 2048
1750 2049
1751 2050
1752 2051
1753 2053
1754 2054
1755 2055
1756 2056
1757 2057
1758 2058
1759 2060
1760 2061
1761 2062
1762 2063
1763 2064
1764 2065
1765 2066
1766 2068
1768 2069
1769 2070
1770 2071
1771 2072
1772 2073
1773 2075
1774 2076
1775 2077
1776 2078
1777 2079
1778 2080
1779 2082
1780 2083
1781 2084
1782 2085
1783 2086
1784 2087
1785 2088
1786 2090
1787 2091
1788 2092
1789 2093
1790 2094
1791 2095
1792 2097
1793 2098
1794 2099
1795 2100
1796 2101
1797 2102
1798 2104
1799 2105
1800 2106
1801 2107
1802 2108
1803 2109
1804 2110
1805 2112
1806 2113
1807 2114
1808 2115
1809 2116
1811 2117
1812 2119
1813 2120
1814 2121
1815 2122
1816 2123
1817 2124
1818 2125
1819 2127
1820 2128
1821 2129
1822 2130
1823 2131
1824 2132
1825 2134
1826 2135
1827 2136
1828 2137
1829 2138
1830 2139
1831 2140
1832 2142
1833 2143
1834 2144
1835 2145
1836 2146
1837 2147
1838 2149
1839 2150
1840 2151
1841 2152
1842 2153
1843 2154
1844 2155
1845 2157
1846 2158
1847 2159
1848 2160
1849 2161
1850 2162
1851 2164
1852 2165
1854 2166
1855 2167
1856 2168
1857 2169
1858 2170
1859 2172
1860 2173
1861 2174
1862 2175
1863 2176
1864 2177
1865 2178
1866 2180
1867 2181
1868 2182
1869 2183
1870 2184
1871 2185
1872 2187
1873 2188
1874 2189
1875 2190
1876 2191
1877 2192
1878 2193
1879 2195
1880 2196
1881 2197
1882 2198
1883 2199
1884 2200
1885 2201
1886 2203
1887 2204
1888 2205
1889 2206
1890 2207
1891 2208
1892 2210
1893 2211
1894 2212
1895 2213
1897 2214
1898 2215
1899 2216
1900 2218
1901 2219
1902 2220
1903 2221
1904 2222
1905 2223
1906 2224
1907 2226
1908 2227
1909 2228
1910 2229
1911 2230
1912 2231
1913 2232
1914 2234
1915 2235
1916 2236
1917 2237
1918 2238
1919 2239
1920 2241
1921 2242
1922 2243
1923 2244
1924 2245
1925 2246
1926 2247
1927 2249
1928 2250
1929 2251
1930 2252
1931 2253
1932 2254
1933 2255
1934 2257
1935 2258
1936 2259
1937 2260
1938 2261
1940 2262
1941 2263
1942 2265
1943 2266
1944 2267
1945 2268
1946 2269
1947 2270
1948 2271
1949 2273
1950 2274
1951 2275
1952 2276
1953 2277
1954 2278
1955 2279
1956 2281
1957 2282
1958 2283
1959 2284
1960 2285
1961 2286
1962 2288
1963 2289
1964 2290
1965 2291
1966 2292
1967 2293
1968 2294
1969 2296
1970 2297
1971 2298
1972 2299
1973 2300
1974 2301
1975 2302
1976 2304
1977 2305
1978 2306
1979 2307
1980 2308
1981 2309
1983 2310
1984 2312
1985 2313
1986 2314
1987 2315
1988 2316
1989 2317
1990 2318
1991 2320
1992 2321
1993 2322
1994 2323
1995 2324
1996 2325
1997 2326
1998 2328
1999 2329
2000 2330
2001 2331
2002 2332
2003 2333
2004 2334
2005 2336
2006 2337
2007 2338
2008 2339
2009 2340
2010 2341
2011 2342
2012 2343
2013 2345
2014 2346
2015 2347
2016 2348
2017 2349
2018 2350
2019 2351
2020 2353
2021 2354
2022 2355
2023 2356
2024 2357
2026 2358
2027 2359
2028 2361
2029 2362
2030 2363
2031 2364
2032 2365
2033 2366
2034 2367
2035 2369
2036 2370
2037 2371
2038 2372
2039 2373
2040 2374
2041 2375
2042 2377
2043 2378
2044 2379
2045 2380
2046 2381
2047 2382
2048 2383
2049 2385
2050 2386
2051 2387
2052 2388
2053 2389
2054 2390
2055 2391
2056 2392
2057 2394
2058 2395
2059 2396
2060 2397
2061 2398
2062 2399
2063 2400
2064 2402
2065 2403
2066 2404
2067 2405
2068 2406
2070 2407
2071 2408
2072 2410
2073 2411
2074 2412
2075 2413
2076 2414
2077 2415
2078 2416
2079 2418
2080 2419
2081 2420
2082 2421
2083 2422
2084 2423
2085 2424
2086 2425
2087 2427
2088 2428
2089 2429
2090 2430
2091 2431
2092 2432
2093 2433
2094 2435
2095 2436
2096 2437
2097 2438
2098 2439
2099 2440
2100 2441
2101 2442
2102 2444
2103 2445
2104 2446
2105 2447
2106 2448
2107 2449
2108 2450
2109 2452
2110 2453
2111 2454
2113 2455
2114 2456
2115 2457
2116 2458
2117 2459
2118 2461
2119 2462
2120 2463
2121 2464
2122 2465
2123 2466
2124 2467
2125 2469
2126 2470
2127 2471
2128 2472
2129 2473
2130 2474
2131 2475
2132 2476
2133 2478
2134 2479
2135 2480
2136 2481
2137 2482
2138 2483
2139 2484
2140 2486
2141 2487
2142 2488
2143 2489
2144 2490
2145 2491
2146 2492
2147 2493
2148 2495
2149 2496
2150 2497
2151 2498
2152 2499
2153 2500
2154 2501
2156 2503
2157 2504
2158 2505
2159 2506
2160 2507
2161 2508
2162 2509
2163 2510
2164 2512
2165 2513
2166 2514
2167 2515
2168 2516
2169 2517
2170 2518
2171 2519
2172 2521
2173 2522
2174 2523
2175 2524
2176 2525
2177 2526
2178 2527
2179 2528
2180 2530
2181 2531
2182 2532
2183 2533
2184 2534
2185 2535
2186 2536
2187 2538
2188 2539
2189 2540
2190 2541
2191 2542
2192 2543
2193 2544
2194 2545
2195 2547
2196 2548
2197 2549
2199 2550
2200 2551
2201 2552
2202 2553
2203 2554
2204 2556
2205 2557
2206 2558
2207 2559
2208 2560
2209 2561
2210 2562
2211 2563
2212 2565
2213 2566
2214 2567
2215 2568
2216 2569
2217 2570
2218 2571
2219 2572
2220 2574
2221 2575
2222 2576
2223 2577
2224 2578
2225 2579
2226 2580
2227 2581
2228 2583
2229 2584
2230 2585
2231 2586
2232 2587
2233 2588
2234 2589
2235 2590
2236 2592
2237 2593
2238 2594
2239 2595
2240 2596
2242 2597
2243 2598
2244 2599
2245 2601
2246 2602
2247 2603
2248 2604
2249 2605
2250 2606
2251 2607
2252 2608
2253 2610
2254 2611
2255 2612
2256 2613
2257 2614
2258 2615
2259 2616
2260 2617
2261 2619
2262 2620
2263 2621
2264 2622
2265 2623
2266 2624
2267 2625
2268 2626
2269 2628
2270 2629
2271 2630
2272 2631
2273 2632
2274 2633
2275 2634
2276 2635
2277 2636
2278 2638
2279 2639
2280 2640
2281 2641
2282 2642
2283 2643
2285 2644
2286 2645
2287 2647
2288 2648
2289 2649
2290 2650
2291 2651
2292 2652
2293 2653
2294 2654
2295 2656
2296 2657
2297 2658
2298 2659
2299 2660
2300 2661
2301 2662
2302 2663
2303 2665
2304 2666
2305 2667
2306 2668
2307 2669
2308 2670
2309 2671
2310 2672
2311 2673
2312 2675
2313 2676
2314 2677
2315 2678
2316 2679
2317 2680
2318 2681
2319 2682
2320 2684
2321 2685
2322 2686
2323 2687
2324 2688
2325 2689
2326 2690
2328 2691
2329 2692
2330 2694
2331 2695
2332 2696
2333 2697
2334 2698
2335 2699
2336 2700
2337 2701
2338 2703
2339 2704
2340 2705
2341 2706
2342 2707
2343 2708
2344 2709
2345 2710
2346 2711
2347 2713
2348 2714
2349 2715
2350 2716
2351 2717
2352 2718
2353 2719
2354 2720
2355 2721
2356 2723
2357 2724
2358 2725
2359 2726
2360 2727
2361 2728
2362 2729
2363 2730
2364 2732
2365 2733
2366 2734
2367 2735
2368 2736
2369 2737
2371 2738
2372 2739
2373 2740
2374 2742
2375 2743
2376 2744
2377 2745
2378 2746
2379 2747
2380 2748
2381 2749
2382 2750
2383 2752
2384 2753
2385 2754
2386 2755
2387 2756
2388 2757
2389 2758
2390 2759
2391 2760
2392 2762
2393 2763
2394 2764
2395 2765
2396 2766
2397 2767
2398 2768
2399 2769
2400 2770
2401 2772
2402 2773
2403 2774
2404 2775
2405 2776
2406 2777
2407 2778
2408 2779
2409 2780
2410 2782
2411 2783
2412 2784
2414 2785
2415 2786
2416 2787
2417 2788
2418 2789
2419 2790
2420 2792
2421 2793
2422 2794
2423 2795
2424 2796
2425 2797
2426 2798
2427 2799
2428 2800
2429 2802
2430 2803
2431 2804
2432 2805
2433 2806
2434 2807
2435 2808
2436 2809
2437 2810
2438 2812
2439 2813
2440 2814
2441 2815
2442 2816
2443 2817
2444 2818
2445 2819
2446 2820
2447 2822
2448 2823
2449 2824
2450 2825
2451 2826
2452 2827
2453 2828
2454 2829
2455 2830
2457 2832
2458 2833
2459 2834
2460 2835
2461 2836
2462 2837
2463 2838
2464 2839
2465 2840
2466 2841
2467 2843
2468 2844
2469 2845
2470 2846
2471 2847
2472 2848
2473 2849
2474 2850
2475 2851
2476 2853
2477 2854
2478 2855
2479 2856
2480 2857
2481 2858
2482 2859
2483 2860
2484 2861
2485 2862
2486 2864
2487 2865
2488 2866
2489 2867
2490 2868
2491 2869
2492 2870
2493 2871
2494 2872
2495 2874
2496 2875
2497 2876
2498 2877
2499 2878
2501 2879
2502 2880
2503 2881
2504 2882
2505 2883
2506 2885
2507 2886
2508 2887
2509 2888
2510 2889
2511 2890
2512 2891
2513 2892
2514 2893
2515 2894
2516 2896
2517 2897
2518 2898
2519 2899
2520 2900
2521 2901
2522 2902
2523 2903
2524 2904
2525 2906
2526 2907
2527 2908
2528 2909
2529 2910
2530 2911
2531 2912
2532 2913
2533 2914
2534 2915
2535 2917
2536 2918
2537 2919
2538 2920
2539 2921
2540 2922
2541 2923
2542 2924
2544 2925
2545 2926
2546 2928
2547 2929
2548 2930
2549 2931
2550 2932
2551 2933
2552 2934
2553 2935
2554 2936
2555 2937
2556 2939
2557 2940
2558 2941
2559 2942
2560 2943
2561 2944
2562 2945
2563 2946
2564 2947
2565 2948
2566 2950
2567 2951
2568 2952
2569 2953
2570 2954
2571 2955
2572 2956
2573 2957
2574 2958
2575 2959
2576 2961
2577 2962
2578 2963
2579 2964
2580 2965
2581 2966
2582 2967
2583 2968
2584 2969
2585 2970
2587 2971
2588 2973
2589 2974
2590 2975
2591 2976
2592 2977
2593 2978
2594 2979
2595 2980
2596 2981
2597 2982
2598 2984
2599 2985
2600 2986
2601 2987
2602 2988
2603 2989
2604 2990
2605 2991
2606 2992
2607 2993
2608 2994
2609 2996
2610 2997
2611 2998
2612 2999
2613 3000
2614 3001
2615 3002
2616 3003
2617 3004
2618 3005
2619 3007
2620 3008
2621 3009
2622 3010
2623 3011
2624 3012
2625 3013
2626 3014
2627 3015
2628 3016
2630 3017
2631 3019
2632 3020
2633 3021
2634 3022
2635 3023
2636 3024
2637 3025
2638 3026
2639 3027
2640 3028
2641 3029
2642 3031
2643 3032
2644 3033
2645 3034
2646 3035
2647 3036
2648 3037
2649 3038
2650 3039
2651 3040
2652 3042
2653 3043
2654 3044
2655 3045
2656 3046
2657 3047
2658 3048
2659 3049
2660 3050
2661 3051
2662 3052
2663 3054
2664 3055
2665 3056
2666 3057
2667 3058
2668 3059
2669 3060
2670 3061
2671 3062
2673 3063
2674 3064
2675 3065
2676 3067
2677 3068
2678 3069
2679 3070
2680 3071
2681 3072
2682 3073
2683 3074
2684 3075
2685 3076
2686 3077
2687 3079
2688 3080
2689 3081
2690 3082
2691 3083
2692 3084
2693 3085
2694 3086
2695 3087
2696 3088
2697 3089
2698 3091
2699 3092
2700 3093
2701 3094
2702 3095
2703 3096
2704 3097
2705 3098
2706 3099
2707 3100
2708 3101
2709 3102
2710 3104
2711 3105
2712 3106
2713 3107
2714 3108
2716 3109
2717 3110
2718 3111
2719 3112
2720 3113
2721 3114
2722 3116
2723 3117
2724 3118
2725 3119
2726 3120
2727 3121
2728 3122
2729 3123
2730 3124
2731 3125
2732 3126
2733 3127
2734 3129
2735 3130
2736 3131
2737 3132
2738 3133
2739 3134
2740 3135
2741 3136
2742 3137
2743 3138
2744 3139
2745 3140
2746 3142
2747 3143
2748 3144
2749 3145
2750 3146
2751 3147
2752 3148
2753 3149
2754 3150
2755 3151
2756 3152
2757 3153
2759 3155
2760 3156
2761 3157
2762 3158
2763 3159
2764 3160
2765 3161
2766 3162
2767 3163
2768 3164
2769 3165
2770 3166
2771 3168
2772 3169
2773 3170
2774 3171
2775 3172
2776 3173
2777 3174
2778 3175
2779 3176
2780 3177
2781 3178
2782 3179
2783 3181
2784 3182
2785 3183
2786 3184
2787 3185
2788 3186
2789 3187
2790 3188
2791 3189
2792 3190
2793 3191
2794 3192
2795 3193
2796 3195
2797 3196
2798 3197
2799 3198
2800 3199
2802 3200
2803 3201
2804 3202
2805 3203
2806 3204
2807 3205
2808 3206
2809 3207
2810 3209
2811 3210
2812 3211
2813 3212
2814 3213
2815 3214
2816 3215
2817 3216
2818 3217
2819 3218
2820 3219
2821 3220
2822 3222
2823 3223
2824 3224
2825 3225
2826 3226
2827 3227
2828 3228
2829 3229
2830 3230
2831 3231
2832 3232
2833 3233
2834 3234
2835 3236
2836 3237
2837 3238
2838 3239
2839 3240
2840 3241
2841 3242
2842 3243
2843 3244
2845 3245
2846 3246
2847 3247
2848 3248
2849 3249
2850 3251
2851 3252
2852 3253
2853 3254
2854 3255
2855 3256
2856 3257
2857 3258
2858 3259
2859 3260
2860 3261
2861 3262
2862 3263
2863 3265
2864 3266
2865 3267
2866 3268
2867 3269
2868 3270
2869 3271
2870 3272
2871 3273
2872 3274
2873 3275
2874 3276
2875 3277
2876 3278
2877 3280
2878 3281
2879 3282
2880 3283
2881 3284
2882 3285
2883 3286
2884 3287
2885 3288
2886 3289
2887 3290
2889 3291
2890 3292
2891 3293
2892 3295
2893 3296
2894 3297
2895 3298
2896 3299
2897 3300
2898 3301
2899 3302
2900 3303
2901 3304
2902 3305
2903 3306
2904 3307
2905 3308
2906 3310
2907 3311
2908 3312
2909 3313
2910 3314
2911 3315
2912 3316
2913 3317
2914 3318
2915 3319
2916 3320
2917 3321
2918 3322
2919 3323
2920 3325
2921 3326
2922 3327
2923 3328
2924 3329
2925 3330
2926 3331
2927 3332
2928 3333
2929 3334
2930 3335
2932 3336
2933 3337
2934 3338
2935 3339
2936 3341
2937 3342
2938 3343
2939 3344
2940 3345
2941 3346
2942 3347
2943 3348
2944 3349
2945 3350
2946 3351
2947 3352
2948 3353
2949 3354
2950 3355
2951 3357
2952 3358
2953 3359
2954 3360
2955 3361
2956 3362
2957 3363
2958 3364
2959 3365
2960 3366
2961 3367
2962 3368
2963 3369
2964 3370
2965 3371
2966 3373
2967 3374
2968 3375
2969 3376
2970 3377
2971 3378
2972 3379
2973 3380
2975 3381
2976 3382
2977 3383
2978 3384
2979 3385
2980 3386
2981 3387
2982 3388
2983 3390
2984 3391
2985 3392
2986 3393
2987 3394
2988 3395
2989 3396
2990 3397
2991 3398
2992 3399
2993 3400
2994 3401
2995 3402
2996 3403
2997 3404
2998 3405
2999 3407
3000 3408
3001 3409
3002 3410
3003 3411
3004 3412
3005 3413
3006 3414
3007 3415
3008 3416
3009 3417
3010 3418
3011 3419
3012 3420
3013 3421
3014 3422
3015 3424
3016 3425
3018 3426
3019 3427
3020 3428
3021 3429
3022 3430
3023 3431
3024 3432
3025 3433
3026 3434
3027 3435
3028 3436
3029 3437
3030 3438
3031 3439
3032 3440
3033 3442
3034 3443
3035 3444
3036 3445
3037 3446
3038 3447
3039 3448
3040 3449
3041 3450
3042 3451
3043 3452
3044 3453
3045 3454
3046 3455
3047 3456
3048 3457
3049 3458
3050 3460
3051 3461
3052 3462
3053 3463
3054 3464
3055 3465
3056 3466
3057 3467
3058 3468
3059 3469
3061 3470
3062 3471
3063 3472
3064 3473
3065 3474
3066 3475
3067 3476
3068 3478
3069 3479
3070 3480
3071 3481
3072 3482
3073 3483
3074 3484
3075 3485
3076 3486
3077 3487
3078 3488
3079 3489
3080 3490
3081 3491
3082 3492
3083 3493
3084 3494
3085 3495
3086 3497
3087 3498
3088 3499
3089 3500
3090 3501
3091 3502
3092 3503
3093 3504
3094 3505
3095 3506
3096 3507
3097 3508
3098 3509
3099 3510
3100 3511
3101 3512
3102 3513
3104 3514
3105 3515
3106 3517
3107 3518
3108 3519
3109 3520
3110 3521
3111 3522
3112 3523
3113 3524
3114 3525
3115 3526
3116 3527
3117 3528
3118 3529
3119 3530
3120 3531
3121 3532
3122 3533
3123 3534
3124 3535
3125 3537
3126 3538
3127 3539
3128 3540
3129 3541
3130 3542
3131 3543
3132 3544
3133 3545
3134 3546
3135 3547
3136 3548
3137 3549
3138 3550
3139 3551
3140 3552
3141 3553
3142 3554
3143 3555
3144 3556
3145 3558
3147 3559
3148 3560
3149 3561
3150 3562
3151 3563
3152 3564
3153 3565
3154 3566
3155 3567
3156 3568
3157 3569
3158 3570
3159 3571
3160 3572
3161 3573
3162 3574
3163 3575
3164 3576
3165 3577
3166 3578
3167 3580
3168 3581
3169 3582
3170 3583
3171 3584
3172 3585
3173 3586
3174 3587
3175 3588
3176 3589
3177 3590
3178 3591
3179 3592
3180 3593
3181 3594
3182 3595
3183 3596
3184 3597
3185 3598
3186 3599
3187 3600
3188 3602
3190 3603
3191 3604
3192 3605
3193 3606
3194 3607
3195 3608
3196 3609
3197 3610
3198 3611
3199 3612
3200 3613
3201 3614
3202 3615
3203 3616
3204 3617
3205 3618
3206 3619
3207 3620
3208 3621
3209 3622
3210 3623
3211 3624
3212 3626
3213 3627
3214 3628
3215 3629
3216 3630
3217 3631
3218 3632
3219 3633
3220 3634
3221 3635
3222 3636
3223 3637
3224 3638
3225 3639
3226 3640
3227 3641
3228 3642
3229 3643
3230 3644
3231 3645
3233 3646
3234 3647
3235 3648
3236 3650
3237 3651
3238 3652
3239 3653
3240 3654
3241 3655
3242 3656
3243 3657
3244 3658
3245 3659
3246 3660
3247 3661
3248 3662
3249 3663
3250 3664
3251 3665
3252 3666
3253 3667
3254 3668
3255 3669
3256 3670
3257 3671
3258 3672
3259 3673
3260 3674
3261 3676
3262 3677
3263 3678
3264 3679
3265 3680
3266 3681
3267 3682
3268 3683
3269 3684
3270 3685
3271 3686
3272 3687
3273 3688
3274 3689
3276 3690
3277 3691
3278 3692
3279 3693
3280 3694
3281 3695
3282 3696
3283 3697
3284 3698
3285 3699
3286 3700
3287 3701
3288 3703
3289 3704
3290 3705
3291 3706
3292 3707
3293 3708
3294 3709
3295 3710
3296 3711
3297 3712
3298 3713
3299 3714
3300 3715
3301 3716
3302 3717
3303 3718
3304 3719
3305 3720
3306 3721
3307 3722
3308 3723
3309 3724
3310 3725
3311 3726
3312 3727
3313 3728
3314 3729
3315 3730
3316 3732
3317 3733
3318 3734
3320 3735
3321 3736
3322 3737
3323 3738
3324 3739
3325 3740
3326 3741
3327 3742
3328 3743
3329 3744
3330 3745
3331 3746
3332 3747
3333 3748
3334 3749
3335 3750
3336 3751
3337 3752
3338 3753
3339 3754
3340 3755
3341 3756
3342 3757
3343 3758
3344 3759
3345 3760
3346 3761
3347 3763
3348 3764
3349 3765
3350 3766
3351 3767
3352 3768
3353 3769
3354 3770
3355 3771
3356 3772
3357 3773
3358 3774
3359 3775
3360 3776
3361 3777
3363 3778
3364 3779
3365 3780
3366 3781
3367 3782
3368 3783
3369 3784
3370 3785
3371 3786
3372 3787
3373 3788
3374 3789
3375 3790
3376 3791
3377 3792
3378 3793
3379 3794
3380 3795
3381 3797
3382 3798
3383 3799
3384 3800
3385 3801
3386 3802
3387 3803
3388 3804
3389 3805
3390 3806
3391 3807
3392 3808
3393 3809
3394 3810
3395 3811
3396 3812
3397 3813
3398 3814
3399 3815
3400 3816
3401 3817
3402 3818
3403 3819
3404 3820
3406 3821
3407 3822
3408 3823
3409 3824
3410 3825
3411 3826
3412 3827
3413 3828
3414 3829
3415 3830
3416 3831
3417 3832
3418 3833
3419 3835
3420 3836
3421 3837
3422 3838
3423 3839
3424 3840
3425 3841
3426 3842
3427 3843
3428 3844
3429 3845
3430 3846
3431 3847
3432 3848
3433 3849
3434 3850
3435 3851
3436 3852
3437 3853
3438 3854
3439 3855
3440 3856
3441 3857
3442 3858
3443 3859
3444 3860
3445 3861
3446 3862
3447 3863
3449 3864
3450 3865
3451 3866
3452 3867
3453 3868
3454 3869
3455 3870
3456 3871
3457 3872
3458 3873
3459 3874
3460 3875
3461 3876
3462 3878
3463 3879
3464 3880
3465 3881
3466 3882
3467 3883
3468 3884
3469 3885
3470 3886
3471 3887
3472 3888
3473 3889
3474 3890
3475 3891
3476 3892
3477 3893
3478 3894
3479 3895
3480 3896
3481 3897
3482 3898
3483 3899
3484 3900
3485 3901
3486 3902
3487 3903
3488 3904
3489 3905
3490 3906
3492 3907
3493 3908
3494 3909
3495 3910
3496 3911
3497 3912
3498 3913
3499 3914
3500 3915
3501 3916
3502 3917
3503 3918
3504 3919
3505 3920
3506 3921
3507 3922
3508 3923
3509 3924
3510 3925
3511 3926
3512 3927
3513 3928
3514 3929
3515 3931
3516 3932
3517 3933
3518 3934
3519 3935
3520 3936
3521 3937
3522 3938
3523 3939
3524 3940
3525 3941
3526 3942
3527 3943
3528 3944
3529 3945
3530 3946
3531 3947
3532 3948
3533 3949
3535 3950
3536 3951
3537 3952
3538 3953
3539 3954
3540 3955
3541 3956
3542 3957
3543 3958
3544 3959
3545 3960
3546 3961
3547 3962
3548 3963
3549 3964
3550 3965
3551 3966
3552 3967
3553 3968
3554 3969
3555 3970
3556 3971
3557 3972
3558 3973
3559 3974
3560 3975
3561 3976
3562 3977
3563 3978
3564 3979
3565 3980
3566 3981
3567 3982
3568 3983
3569 3984
3570 3985
3571 3986
3572 3987
3573 3988
3574 3989
3575 3990
3576 3991
3578 3992
3579 3993
3580 3994
3581 3995
3582 3996
3583 3997
3584 3998
3585 3999
3586 4000
3587 4001
3588 4003
3589 4004
3590 4005
3591 4006
3592 4007
3593 4008
3594 4009
3595 4010
3596 4011
3597 4012
3598 4013
3599 4014
3600 4015
3601 4016
3602 4017
3603 4018
3604 4019
3605 4020
3606 4021
3607 4022
3608 4023
3609 4024
3610 4025
3611 4026
3612 4027
3613 4028
3614 4029
3615 4030
3616 4031
3617 4032
3618 4033
3619 4034
3621 4035
3622 4036
3623 4037
3624 4038
3625 4039
3626 4040
3627 4041
3628 4042
3629 4043
3630 4044
3631 4045
3632 4046
3633 4047
3634 4048
3635 4049
3636 4050
3637 4051
3638 4052
3639 4053
3640 4054
3641 4055
3642 4056
3643 4057
3644 4058
3645 4059
3646 4060
3647 4061
3648 4062
3649 4063
3650 4064
3651 4065
3652 4066
3653 4067
3654 4068
3655 4069
3656 4070
3657 4071
3658 4072
3659 4073
3660 4074
3661 4075
3662 4076
3664 4077
3665 4078
3666 4079
3667 4080
3668 4081
3669 4082
3670 4083
3671 4084
3672 4085
3673 4086
3674 4087
3675 4088
3676 4089
3677 4090
3678 4091
3679 4092
3680 4093
3681 4094
3682 4095
3683 4095
3684 4095
3685 4095
3686 4095
3687 4095
3688 4095
3689 4095
3690 4095
3691 4095
3692 4095
3693 4095
3694 4095
3695 4095
3696 4095
3697 4095
3698 4095
3699 4095
3700 4095
3701 4095
3702 4095
3703 4095
3704 4095
3705 4095
3706 4095
3708 4095
3709 4095
3710 4095
3711 4095
3712 4095
3713 4095
3714 4095
3715 4095
3716 4095
3717 4095
3718 4095
3719 4095
3720 4095
3721 4095
3722 4095
3723 4095
3724 4095
3725 4095
3726 4095
3727 4095
3728 4095
3729 4095
3730 4095
3731 4095
3732 4095
3733 4095
3734 4095
3735 4095
3736 4095
3737 4095
3738 4095
3739 4095
3740 4095
3741 4095
3742 4095
3743 4095
3744 4095
3745 4095
3746 4095
3747 4095
3748 4095
3749 4095
3751 4095
3752 4095
3753 4095
3754 4095
3755 4095
3756 4095
3757 4095
3758 4095
3759 4095
3760 4095
3761 4095
3762 4095
3763 4095
3764 4095
3765 4095
3766 4095
3767 4095
3768 4095
3769 4095
3770 4095
3771 4095
3772 4095
3773 4095
3774 4095
3775 4095
3776 4095
3777 4095
3778 4095
3779 4095
3780 4095
3781 4095
3782 4095
3783 4095
3784 4095
3785 4095
3786 4095
3787 4095
3788 4095
3789 4095
3790 4095
3791 4095
3792 4095
3794 4095
3795 4095
3796 4095
3797 4095
3798 4095
3799 4095
3800 4095
3801 4095
3802 4095
3803 4095
3804 4095
3805 4095
3806 4095
3807 4095
3808 4095
3809 4095
3810 4095
3811 4095
3812 4095
3813 4095
3814 4095
3815 4095
3816 4095
3817 4095
3818 4095
3819 4095
3820 4095
3821 4095
3822 4095
3823 4095
3824 4095
3825 4095
3826 4095
3827 4095
3828 4095
3829 4095
3830 4095
3831 4095
3832 4095
3833 4095
3834 4095
3835 4095
3837 4095
3838 4095
3839 4095
3840 4095
3841 4095
3842 4095
3843 4095
3844 4095
3845 4095
3846 4095
3847 4095
3848 4095
3849 4095
3850 4095
3851 4095
3852 4095
3853 4095
3854 4095
3855 4095
3856 4095
3857 4095
3858 4095
3859 4095
3860 4095
3861 4095
3862 4095
3863 4095
3864 4095
3865 4095
3866 4095
3867 4095
3868 4095
3869 4095
3870 4095
3871 4095
3872 4095
3873 4095
3874 4095
3875 4095
3876 4095
3877 4095
3878 4095
3880 4095
3881 4095
3882 4095
3883 4095
3884 4095
3885 4095
3886 4095
3887 4095
3888 4095
3889 4095
3890 4095
3891 4095
3892 4095
3893 4095
3894 4095
3895 4095
3896 4095
3897 4095
3898 4095
3899 4095
3900 4095
3901 4095
3902 4095
3903 4095
3904 4095
3905 4095
3906 4095
3907 4095
3908 4095
3909 4095
3910 4095
3911 4095
3912 4095
3913 4095
3914 4095
3915 4095
3916 4095
3917 4095
3918 4095
3919 4095
3920 4095
3921 4095
3923 4095
3924 4095
3925 4095
3926 4095
3927 4095
3928 4095
3929 4095
3930 4095
3931 4095
3932 4095
3933 4095
3934 4095
3935 4095
3936 4095
3937 4095
3938 4095
3939 4095
3940 4095
3941 4095
3942 4095
3943 4095
3944 4095
3945 4095
3946 4095
3947 4095
3948 4095
3949 4095
3950 4095
3951 4095
3952 4095
3953 4095
3954 4095
3955 4095
3956 4095
3957 4095
3958 4095
3959 4095
3960 4095
3961 4095
3962 4095
3963 4095
3964 4095
3966 4095
3967 4095
3968 4095
3969 4095
3970 4095
3971 4095
3972 4095
3973 4095
3974 4095
3975 4095
3976 4095
3977 4095
3978 4095
3979 4095
3980 4095
3981 4095
3982 4095
3983 4095
3984 4095
3985 4095
3986 4095
3987 4095
3988 4095
3989 4095
3990 4095
3991 4095
3992 4095
3993 4095
3994 4095
3995 4095
3996 4095
3997 4095
3998 4095
3999 4095
4000 4095
4001 4095
4002 4095
4003 4095
4004 4095
4005 4095
4006 4095
4007 4095
4009 4095
4010 4095
4011 4095
4012 4095
