********** ge2.txt **********
A=
  1.0000  0.5000  0.3333  0.2500  0.2000  0.1667  0.1429  0.1250  0.1111  0.1000  0.0909  0.0833
  0.5000  0.3333  0.2500  0.2000  0.1667  0.1429  0.1250  0.1111  0.1000  0.0909  0.0833  0.0769
  0.3333  0.2500  0.2000  0.1667  0.1429  0.1250  0.1111  0.1000  0.0909  0.0833  0.0769  0.0714
  0.2500  0.2000  0.1667  0.1429  0.1250  0.1111  0.1000  0.0909  0.0833  0.0769  0.0714  0.0667
  0.2000  0.1667  0.1429  0.1250  0.1111  0.1000  0.0909  0.0833  0.0769  0.0714  0.0667  0.0625
  0.1667  0.1429  0.1250  0.1111  0.1000  0.0909  0.0833  0.0769  0.0714  0.0667  0.0625  0.0588
  0.1429  0.1250  0.1111  0.1000  0.0909  0.0833  0.0769  0.0714  0.0667  0.0625  0.0588  0.0556
  0.1250  0.1111  0.1000  0.0909  0.0833  0.0769  0.0714  0.0667  0.0625  0.0588  0.0556  0.0526
  0.1111  0.1000  0.0909  0.0833  0.0769  0.0714  0.0667  0.0625  0.0588  0.0556  0.0526  0.0500
  0.1000  0.0909  0.0833  0.0769  0.0714  0.0667  0.0625  0.0588  0.0556  0.0526  0.0500  0.0476
  0.0909  0.0833  0.0769  0.0714  0.0667  0.0625  0.0588  0.0556  0.0526  0.0500  0.0476  0.0455
  0.0833  0.0769  0.0714  0.0667  0.0625  0.0588  0.0556  0.0526  0.0500  0.0476  0.0455  0.0435

b=
	  1.0000
	  2.0000
	  3.0000
	  4.0000
	  5.0000
	  6.0000
	  1.0000
	  2.0000
	  3.0000
	  4.0000
	  5.0000
	  6.0000

P = [ 0 2 7 1 11 4 3 5 10 6 8 9 ] 
LU matrix = 
  1.0000   0.5000   0.3333   0.2500   0.2000   0.1667   0.1429   0.1250   0.1111   0.1000   0.0909   0.0833 
  0.3333   0.0833   0.0889   0.0833   0.0762   0.0694   0.0635   0.0583   0.0539   0.0500   0.0466   0.0437 
  0.1250   0.5833   0.0065   0.0110   0.0139   0.0156   0.0165   0.0170   0.0172   0.0172   0.0170   0.0168 
  0.5000   1.0000  -0.8571   0.0011   0.0024   0.0034   0.0043   0.0049   0.0053   0.0056   0.0058   0.0060 
  0.0833   0.4231   0.9325   0.2418   0.0001   0.0002   0.0003   0.0005   0.0006   0.0008   0.0009   0.0010 
  0.2000   0.8000   0.7837  -0.2857  -0.6303   0.0000   0.0000   0.0000   0.0001   0.0001   0.0001   0.0001 
  0.2500   0.9000   0.5143  -0.2857  -0.4725   0.9477  -0.0000  -0.0000  -0.0000  -0.0000  -0.0000  -0.0000 
  0.1667   0.7143   0.9184  -0.1984  -0.5252   0.6481  -0.7116  -0.0000  -0.0000  -0.0000  -0.0000  -0.0000 
  0.0909   0.4545   0.9590   0.1998   0.7934  -0.1130   0.4763  -0.0911  -0.0000  -0.0000  -0.0000  -0.0000 
  0.1429   0.6429   0.9796  -0.0952  -0.2865   0.2704  -0.5401   0.9153  -0.7124  -0.0000  -0.0000  -0.0000 
  0.1111   0.5333   0.9974   0.0808   0.2880  -0.1403   0.4302   0.4044   0.1410   0.8649  -0.0000  -0.0000 
  0.1000   0.4909   0.9818   0.1469   0.5554  -0.1676   0.6656  -0.3307   0.5388   0.7886   0.7894   0.0000 

x=
	-75359.4043
	3932950.6078
	-56715807.3215
	358886419.5002
	-1159200690.8103
	2000559371.8266
	-1877105898.3692
	1396785824.9995
	-2046085292.8137
	2664101243.1343
	-1677500821.5579
	392383552.2631
